6.283189999999999609e-02 -3.601632400000000234e-02
1.884959999999999969e-01 -2.960644599999999807e-02
3.141590000000000216e-01 -2.377963999999999772e-02
4.398230000000000195e-01 -1.923449799999999918e-02
5.654869999999999619e-01 -1.578474399999999986e-02
6.911500000000000421e-01 -1.314594799999999931e-02
8.168140000000000400e-01 -1.114011799999999920e-02
9.424780000000000380e-01 -9.572807999999998624e-03
1.068140000000000089e+00 -8.296312000000000131e-03
1.193810000000000038e+00 -7.265827999999999350e-03
1.319469999999999921e+00 -6.401480000000000191e-03
1.445130000000000026e+00 -5.678263999999999707e-03
1.570799999999999974e+00 -5.081322000000000096e-03
1.696460000000000079e+00 -4.584585999999999870e-03
1.822119999999999962e+00 -4.154007999999999833e-03
1.947789999999999910e+00 -3.774266400000000216e-03
2.073449999999999793e+00 -3.442009599999999985e-03
2.199110000000000120e+00 -3.153418599999999617e-03
2.324780000000000069e+00 -2.903028999999999679e-03
2.450439999999999952e+00 -2.684137599999999839e-03
2.576109999999999900e+00 -2.490504799999999994e-03
2.701769999999999783e+00 -2.317604799999999857e-03
2.827430000000000110e+00 -2.161968199999999857e-03
2.953100000000000058e+00 -2.020908399999999782e-03
3.078759999999999941e+00 -1.892578600000000000e-03
3.204419999999999824e+00 -1.775500599999999939e-03
3.330090000000000217e+00 -1.668283599999999993e-03
3.455750000000000099e+00 -1.570608399999999733e-03
3.581420000000000048e+00 -1.481258999999999961e-03
3.707079999999999931e+00 -1.399152399999999781e-03
3.832739999999999814e+00 -1.323809799999999849e-03
3.958410000000000206e+00 -1.254212800000000048e-03
4.084069999999999645e+00 -1.190141000000000029e-03
4.209730000000000416e+00 -1.130956000000000019e-03
4.335399999999999920e+00 -1.076160000000000051e-03
4.461059999999999803e+00 -1.025376799999999991e-03
4.586730000000000196e+00 -9.781503999999998158e-04
4.712390000000000079e+00 -9.343363999999999402e-04
4.838049999999999962e+00 -8.934901999999998908e-04
4.963720000000000354e+00 -8.554255999999999232e-04
5.089380000000000237e+00 -8.196751999999999207e-04
5.215040000000000120e+00 -7.862275999999998989e-04
5.340709999999999624e+00 -7.548509999999999595e-04
5.466370000000000395e+00 -7.252983999999998996e-04
5.592030000000000278e+00 -6.974177999999999281e-04
5.717699999999999783e+00 -6.711369999999999272e-04
5.843359999999999665e+00 -6.462431999999999725e-04
5.969030000000000058e+00 -6.228123999999999596e-04
6.094689999999999941e+00 -6.007077999999999680e-04
6.220349999999999824e+00 -5.798230000000000354e-04
6.346020000000000216e+00 -5.599831999999999683e-04
6.471680000000000099e+00 -5.411465999999999325e-04
6.597339999999999982e+00 -5.232675999999999907e-04
6.723010000000000375e+00 -5.063081999999999782e-04
6.848670000000000258e+00 -4.900252000000000123e-04
6.974339999999999762e+00 -4.744793999999999011e-04
7.099999999999999645e+00 -4.596783999999999593e-04
7.225660000000000416e+00 -4.455538000000000098e-04
7.351329999999999920e+00 -4.320713999999999913e-04
7.476989999999999803e+00 -4.192653999999999652e-04
7.602649999999999686e+00 -4.068963999999999350e-04
7.728320000000000078e+00 -3.950669999999999768e-04
7.853979999999999961e+00 -3.837088000000000217e-04
7.979650000000000354e+00 -3.728552399999999697e-04
8.105309999999999349e+00 -3.624230999999999894e-04
8.230969999999999231e+00 -3.524731799999999970e-04
8.356640000000000512e+00 -3.429496200000000153e-04
8.482300000000000395e+00 -3.338121399999999911e-04
8.607960000000000278e+00 -3.250045000000000017e-04
8.733629999999999782e+00 -3.165517800000000126e-04
8.859289999999999665e+00 -3.083840599999999573e-04
8.984949999999999548e+00 -3.005423799999999961e-04
9.110620000000000829e+00 -2.929591000000000053e-04
9.236280000000000712e+00 -2.856513200000000154e-04
9.361950000000000216e+00 -2.786509599999999827e-04
9.487610000000000099e+00 -2.719063399999999782e-04
9.613269999999999982e+00 -2.653840199999999935e-04
9.738939999999999486e+00 -2.590509400000000199e-04
9.864599999999999369e+00 -2.528957000000000188e-04
9.990259999999999252e+00 -2.469870800000000042e-04
1.011589999999999989e+01 -2.412661799999999757e-04
1.024160000000000004e+01 -2.357398400000000052e-04
1.036730000000000018e+01 -2.304008399999999941e-04
1.049290000000000056e+01 -2.252651400000000019e-04
1.061860000000000070e+01 -2.203080400000000084e-04
1.074419999999999931e+01 -2.155409399999999977e-04
1.086989999999999945e+01 -2.109170999999999800e-04
1.099559999999999960e+01 -2.064228399999999740e-04
1.112119999999999997e+01 -2.020668999999999948e-04
1.124690000000000012e+01 -1.977949399999999816e-04
1.137260000000000026e+01 -1.936943599999999769e-04
1.149820000000000064e+01 -1.897195600000000162e-04
1.162390000000000079e+01 -1.858446999999999725e-04
1.174959999999999916e+01 -1.820807999999999932e-04
1.187519999999999953e+01 -1.784316599999999917e-04
1.200089999999999968e+01 -1.748980399999999942e-04
1.212650000000000006e+01 -1.714700600000000142e-04
1.225220000000000020e+01 -1.681313799999999928e-04
1.237790000000000035e+01 -1.648759199999999927e-04
1.250350000000000072e+01 -1.617302800000000043e-04
1.262920000000000087e+01 -1.586708999999999787e-04
1.275489999999999924e+01 -1.556810599999999931e-04
1.288049999999999962e+01 -1.527584799999999964e-04
1.300619999999999976e+01 -1.499586399999999937e-04
1.313189999999999991e+01 -1.472636800000000096e-04
1.325750000000000028e+01 -1.445774600000000135e-04
1.338320000000000043e+01 -1.419831999999999724e-04
1.350880000000000081e+01 -1.394466999999999875e-04
1.363449999999999918e+01 -1.369827799999999841e-04
1.376019999999999932e+01 -1.345887799999999932e-04
1.388579999999999970e+01 -1.322707800000000062e-04
1.401149999999999984e+01 -1.300037000000000035e-04
1.413719999999999999e+01 -1.277742399999999762e-04
1.426280000000000037e+01 -1.256010200000000072e-04
1.438850000000000051e+01 -1.234954399999999995e-04
1.451420000000000066e+01 -1.214217799999999886e-04
1.463979999999999926e+01 -1.194229800000000104e-04
1.476549999999999940e+01 -1.174655999999999888e-04
1.489109999999999978e+01 -1.155500199999999911e-04
1.501679999999999993e+01 -1.136918199999999960e-04
1.514250000000000007e+01 -1.118571799999999955e-04
1.526810000000000045e+01 -1.100700399999999976e-04
1.539380000000000059e+01 -1.083277399999999922e-04
1.551950000000000074e+01 -1.066287599999999952e-04
1.564509999999999934e+01 -1.049776599999999865e-04
1.577079999999999949e+01 -1.033744399999999934e-04
1.589649999999999963e+01 -1.017962999999999930e-04
1.602209999999999823e+01 -1.002572999999999930e-04
1.614780000000000015e+01 -9.875705999999999395e-05
1.627339999999999876e+01 -9.728721999999999381e-05
1.639910000000000068e+01 -9.582953999999999051e-05
1.652479999999999905e+01 -9.438667999999999397e-05
1.665040000000000120e+01 -9.299929999999998896e-05
1.677609999999999957e+01 -9.163813999999998860e-05
1.690180000000000149e+01 -9.030927999999999807e-05
1.702740000000000009e+01 -8.900283999999999030e-05
1.715309999999999846e+01 -8.771387999999999917e-05
1.727880000000000038e+01 -8.644315999999999654e-05
1.740439999999999898e+01 -8.518764000000000013e-05
1.753010000000000090e+01 -8.394276000000000266e-05
1.765579999999999927e+01 -8.270890000000000360e-05
1.778140000000000143e+01 -8.148073999999999671e-05
1.790709999999999980e+01 -8.021875999999999562e-05
1.803269999999999840e+01 -7.894195999999998779e-05
1.815840000000000032e+01 -7.761499999999999465e-05
1.828409999999999869e+01 -7.616834000000000332e-05
1.840970000000000084e+01 -7.447961999999999215e-05
1.853539999999999921e+01 -7.231741999999999446e-05
1.866110000000000113e+01 -6.896506000000000543e-05
1.878669999999999973e+01 -6.176823999999999867e-05
1.891240000000000165e+01 -3.705102599999999928e-05
1.903810000000000002e+01 -1.265232799999999905e-05
1.916369999999999862e+01 -6.207984000000000091e-06
1.928940000000000055e+01 -3.725470599999999814e-06
1.941499999999999915e+01 -2.505492000000000185e-06
1.954070000000000107e+01 -1.801253199999999868e-06
1.966639999999999944e+01 -1.350280599999999945e-06
1.979200000000000159e+01 -1.048135000000000088e-06
1.991769999999999996e+01 -8.482245999999999654e-07
2.004339999999999833e+01 -7.164481999999999687e-07
2.016900000000000048e+01 -6.196279999999999948e-07
2.029469999999999885e+01 -5.416139999999999952e-07
2.042040000000000077e+01 -4.746846000000000232e-07
2.054599999999999937e+01 -4.145267999999999793e-07
2.067170000000000130e+01 -3.736995999999999431e-07
2.079729999999999990e+01 -3.468073799999999919e-07
2.092299999999999827e+01 -3.214408599999999946e-07
2.104870000000000019e+01 -2.955001600000000170e-07
2.117429999999999879e+01 -2.713367200000000064e-07
2.130000000000000071e+01 -2.508493999999999936e-07
2.142569999999999908e+01 -2.275352599999999958e-07
2.155130000000000123e+01 -2.027611599999999699e-07
2.167699999999999960e+01 -1.915443200000000072e-07
2.180270000000000152e+01 -1.882345199999999970e-07
2.192830000000000013e+01 -1.845899399999999814e-07
2.205399999999999849e+01 -1.861677000000000002e-07
2.217960000000000065e+01 -1.677152799999999734e-07
2.230529999999999902e+01 -1.447389599999999971e-07
2.243100000000000094e+01 -1.314602400000000109e-07
2.255659999999999954e+01 -1.166193399999999961e-07
2.268230000000000146e+01 -1.154496999999999886e-07
2.280799999999999983e+01 -1.121189999999999864e-07
2.293359999999999843e+01 -1.064980400000000046e-07
2.305930000000000035e+01 -1.012069199999999887e-07
2.318499999999999872e+01 -1.039850999999999932e-07
2.331060000000000088e+01 -1.082502199999999972e-07
2.343629999999999924e+01 -1.035925599999999986e-07
2.356190000000000140e+01 -1.097276599999999991e-07
2.368759999999999977e+01 -1.148473999999999912e-07
2.381330000000000169e+01 -1.115816799999999902e-07
2.393890000000000029e+01 -1.109740600000000042e-07
2.406459999999999866e+01 -1.078067599999999968e-07
2.419030000000000058e+01 -1.093943999999999886e-07
2.431589999999999918e+01 -1.210041599999999876e-07
2.444160000000000110e+01 -1.273319199999999926e-07
2.456729999999999947e+01 -1.373456799999999951e-07
2.469290000000000163e+01 -1.404483799999999902e-07
2.481859999999999999e+01 -1.318288399999999842e-07
2.494419999999999860e+01 -1.340434799999999988e-07
2.506990000000000052e+01 -1.347863799999999756e-07
2.519559999999999889e+01 -1.351762600000000090e-07
2.532120000000000104e+01 -1.316460599999999924e-07
2.544689999999999941e+01 -1.212165799999999781e-07
2.557260000000000133e+01 -1.177258999999999861e-07
2.569819999999999993e+01 -1.123508000000000004e-07
2.582389999999999830e+01 -1.055028199999999974e-07
2.594960000000000022e+01 -1.039752200000000069e-07
2.607519999999999882e+01 -1.040538799999999881e-07
2.620090000000000074e+01 -1.074104199999999952e-07
2.632649999999999935e+01 -1.095080199999999967e-07
2.645220000000000127e+01 -1.135094199999999891e-07
2.657789999999999964e+01 -1.083740999999999937e-07
2.670349999999999824e+01 -1.033425200000000068e-07
2.682920000000000016e+01 -1.011829799999999938e-07
2.695489999999999853e+01 -9.999015999999999543e-08
2.708050000000000068e+01 -9.985221999999999043e-08
2.720619999999999905e+01 -9.748899999999999370e-08
2.733190000000000097e+01 -9.628439999999999892e-08
2.745749999999999957e+01 -9.546625999999999289e-08
2.758320000000000149e+01 -8.952115999999999612e-08
2.770880000000000010e+01 -8.217271999999999415e-08
2.783449999999999847e+01 -8.042168000000000760e-08
2.796020000000000039e+01 -8.019405999999998932e-08
2.808579999999999899e+01 -7.486608000000000251e-08
2.821150000000000091e+01 -6.774107999999999661e-08
2.833719999999999928e+01 -6.684010000000000041e-08
2.846280000000000143e+01 -6.524257999999999578e-08
2.858849999999999980e+01 -6.644223999999999079e-08
2.871420000000000172e+01 -6.882445999999999582e-08
2.883980000000000032e+01 -6.579548000000000863e-08
2.896549999999999869e+01 -5.477167999999999961e-08
2.909110000000000085e+01 -4.960443999999999337e-08
2.921679999999999922e+01 -4.740044000000000222e-08
2.934250000000000114e+01 -4.662827999999999565e-08
2.946809999999999974e+01 -4.549207999999999372e-08
2.959380000000000166e+01 -4.344539999999999806e-08
2.971950000000000003e+01 -4.182545999999999341e-08
2.984509999999999863e+01 -4.551791999999999867e-08
2.997080000000000055e+01 -4.775649999999999489e-08
3.009649999999999892e+01 -4.833941999999999519e-08
3.022210000000000107e+01 -4.667463999999999714e-08
3.034779999999999944e+01 -4.248931999999999364e-08
3.047340000000000160e+01 -4.479629999999999595e-08
3.059909999999999997e+01 -4.492967999999999658e-08
3.072479999999999833e+01 -4.542368000000000087e-08
3.085040000000000049e+01 -3.990531999999999512e-08
3.097609999999999886e+01 -3.824738000000000033e-08
3.110180000000000078e+01 -4.146940000000000075e-08
3.122739999999999938e+01 -4.112056000000000012e-08
3.135310000000000130e+01 -4.289971999999999711e-08
