6.283185307179600665e-02 2.382740024191699890e-01
1.884955592153899906e-01 1.420834975443900083e-01
3.141592653589799777e-01 9.086066793650300621e-02
4.398229715025699926e-01 6.396757788970899861e-02
5.654866776461600075e-01 4.854888501357600139e-02
6.911503837897500224e-01 3.822826401989200262e-02
8.168140899333500293e-01 3.080530187061000097e-02
9.424777960769400442e-01 2.547193856850000007e-02
1.068141502220500083e+00 2.179323317097800125e-02
1.193805208364099979e+00 1.834255333062000115e-02
1.319468914507700097e+00 1.511552176996600050e-02
1.445132620651299993e+00 1.327245135387400063e-02
1.570796326794900111e+00 1.224252154224799924e-02
1.696460032938500007e+00 1.015588571802999995e-02
1.822123739082099902e+00 9.387346963952400078e-03
1.947787445225700020e+00 7.930662346045100342e-03
2.073451151369300138e+00 7.103318566255800021e-03
2.199114857512900034e+00 5.921718447648500160e-03
2.324778563656400010e+00 5.327149911340500234e-03
2.450442269799999906e+00 5.131005078654099841e-03
2.576105975943599802e+00 4.457585703930499847e-03
2.701769682087200142e+00 3.995410355753100176e-03
2.827433388230800038e+00 3.804699491601400141e-03
2.953097094374399934e+00 3.397012323584699869e-03
3.078760800517999829e+00 3.107105136921800050e-03
3.204424506661600169e+00 3.072247766688999786e-03
3.330088212805200065e+00 1.634522487384900032e-03
3.455751918948799961e+00 1.912048981815800061e-03
3.581415625092399857e+00 2.328616971513400042e-03
3.707079331236000197e+00 1.719428406340100081e-03
3.832743037379500173e+00 2.395762616112300132e-03
3.958406743523100069e+00 1.509854895958699953e-03
4.084070449666699965e+00 1.643881874613399964e-03
4.209734155810299860e+00 1.602723229340699985e-03
4.335397861953899756e+00 1.371834836162199971e-03
4.461061568097499652e+00 1.443854468827000066e-03
4.586725274241100436e+00 8.978317018216500339e-04
4.712388980384700332e+00 1.207083972363899972e-03
4.838052686528300228e+00 9.771276250305999198e-04
4.963716392671900124e+00 1.656099733578500098e-03
5.089380098815500020e+00 1.024210637649199942e-03
5.215043804959099916e+00 1.131397834796100000e-03
5.340707511102600336e+00 1.400335567295799910e-03
5.466371217246200231e+00 1.378752819097000095e-03
5.592034923389800127e+00 1.090665011245300041e-03
5.717698629533400023e+00 1.347118242119500027e-03
5.843362335676999919e+00 5.705664287501300159e-04
5.969026041820599815e+00 6.279662284911900370e-04
6.094689747964199711e+00 7.153493860349099823e-04
6.220353454107799607e+00 1.124497873324399903e-03
6.346017160251400391e+00 9.987467659845299366e-04
6.471680866395000287e+00 9.329437290499200319e-04
6.597344572538600183e+00 9.155935880697699909e-04
6.723008278682200078e+00 1.818105621616699936e-03
6.848671984825699610e+00 1.281322339404299907e-03
6.974335690969300394e+00 9.658190010664599937e-04
7.099999397112900290e+00 1.048268749550900067e-03
7.225663103256500186e+00 1.001338758224300024e-03
7.351326809400100082e+00 5.976759922570299994e-04
7.476990515543699978e+00 1.771506000429600098e-03
7.602654221687299874e+00 9.997981285020599972e-04
7.728317927830899770e+00 1.166513902702799978e-03
7.853981633974499665e+00 7.724759493460599952e-04
7.979645340118099561e+00 1.038477566084200021e-03
8.105309046261700345e+00 4.433819914567099871e-04
8.230972752405300241e+00 6.683120030712899748e-04
8.356636458548900137e+00 8.144607486529000136e-04
8.482300164692400557e+00 1.125566915653199900e-03
8.607963870836000453e+00 8.342247387199899647e-04
8.733627576979600349e+00 1.250496384852100087e-03
8.859291283123200245e+00 8.311761981134800333e-04
8.984954989266800141e+00 1.253372124456799894e-03
9.110618695410400036e+00 9.587592668363699487e-04
9.236282401553999932e+00 6.033293048726599914e-04
9.361946107697599828e+00 9.282656626754899522e-04
9.487609813841199724e+00 1.168535558995499905e-03
9.613273519984799620e+00 1.364671702979800049e-03
9.738937226128399516e+00 1.344145959450899954e-03
9.864600932271999412e+00 5.605861362765500108e-04
9.990264638415499832e+00 9.594869082419199948e-04
1.011592834455900025e+01 7.525025146653099893e-04
1.024159205070299983e+01 6.784088268769800003e-04
1.036725575684599931e+01 4.035453324448800010e-04
1.049291946299000067e+01 5.379518562639899965e-04
1.061858316913400024e+01 3.776634915521699860e-04
1.074424687527699973e+01 8.726626923337600520e-04
1.086991058142099931e+01 9.858658474214199770e-04
1.099557428756400057e+01 8.853557422476899565e-04
1.112123799370800015e+01 1.405531260801099911e-03
1.124690169985099963e+01 3.189908066257800116e-04
1.137256540599499921e+01 7.527622647565100373e-04
1.149822911213900056e+01 1.028802587292899961e-03
1.162389281828200005e+01 8.021148577002700040e-04
1.174955652442599963e+01 6.593249457356000539e-04
1.187522023056899911e+01 5.841125658617100491e-04
1.200088393671300047e+01 6.324560645356100278e-04
1.212654764285700004e+01 8.047976746616299472e-04
1.225221134899999953e+01 8.047818078833900331e-04
1.237787505514400088e+01 3.761267814847100164e-04
1.250353876128700037e+01 6.305214896910499604e-04
1.262920246743099995e+01 8.116941949603800454e-04
1.275486617357499952e+01 7.483634834160999465e-04
1.288052987971800079e+01 -1.532781833096800083e-04
1.300619358586200036e+01 8.223706277124999550e-05
1.313185729200499985e+01 1.536481877107099972e-03
1.325752099814899942e+01 2.425204457420699928e-04
1.338318470429300078e+01 6.773206162354399821e-04
1.350884841043600026e+01 3.883722821082599848e-04
1.363451211657999984e+01 3.752224122489199848e-04
1.376017582272299933e+01 2.414487692748900011e-04
1.388583952886700068e+01 6.533409378216399827e-04
1.401150323501000017e+01 8.598083428584600389e-04
1.413716694115399974e+01 4.872667022108000123e-04
1.426283064729799932e+01 2.182162483839299866e-04
1.438849435344100058e+01 7.928922833605400126e-04
1.451415805958500016e+01 -3.841000215910899849e-05
1.463982176572799965e+01 5.422008925650100269e-04
1.476548547187199922e+01 5.172916786739600392e-04
1.489114917801600058e+01 1.665161253802899884e-04
1.501681288415900006e+01 7.756999860008400314e-04
1.514247659030299964e+01 2.902759761998500087e-04
1.526814029644599913e+01 2.263871789040200022e-04
1.539380400259000048e+01 2.441583508621799833e-04
1.551946770873400006e+01 8.904444025353200462e-05
1.564513141487699954e+01 4.448152271079699923e-05
1.577079512102099912e+01 5.671658791099400175e-04
1.589645882716400038e+01 2.728706011824600232e-04
1.602212253330799996e+01 2.682669108058800128e-04
1.614778623945199953e+01 5.058141552672399755e-04
1.627344994559500080e+01 8.899485042608199468e-04
1.639911365173900037e+01 7.774993527641400198e-04
1.652477735788200164e+01 -2.272795994590100092e-04
1.665044106402600121e+01 3.850931005402299847e-04
1.677610477016899893e+01 2.127691830250199939e-04
1.690176847631299850e+01 4.379322488219200256e-04
1.702743218245700163e+01 5.451347729702700007e-04
1.715309588859999934e+01 5.260177438202800430e-04
1.727875959474399892e+01 4.474311479192399866e-04
1.740442330088700018e+01 5.964079373145200237e-04
1.753008700703099976e+01 4.166546600250400196e-04
1.765575071317499933e+01 2.630794892930899786e-04
1.778141441931800060e+01 1.013167096152100101e-03
1.790707812546200017e+01 1.355597879348600118e-04
1.803274183160500144e+01 1.666625236970500109e-04
1.815840553774900101e+01 4.633765139547599797e-04
1.828406924389300059e+01 8.626386855922499536e-04
1.840973295003599830e+01 3.202205712922399894e-04
1.853539665618000143e+01 3.345799448353400083e-04
1.866106036232299914e+01 9.355942392568300471e-04
1.878672406846699872e+01 1.817066074085400080e-04
1.891238777461099829e+01 4.145211411794599930e-04
1.903805148075399956e+01 -1.481596240203799947e-04
1.916371518689799913e+01 2.008839625812699895e-04
1.928937889304100040e+01 2.590691716265399749e-04
1.941504259918499997e+01 5.326928069831300336e-04
1.954070630532899955e+01 6.139602332589400328e-04
1.966637001147200081e+01 2.588835725522800092e-04
1.979203371761600039e+01 -3.122901340864199797e-04
1.991769742375900165e+01 -3.028260468847999878e-04
2.004336112990300123e+01 3.901448368160600057e-04
2.016902483604599894e+01 6.721830802396699684e-04
2.029468854218999851e+01 5.583781747948100274e-04
2.042035224833400164e+01 4.829695285132700171e-04
2.054601595447699935e+01 6.376776903672800396e-05
2.067167966062099893e+01 3.506703222447000149e-05
2.079734336676400019e+01 5.396122464371300035e-04
2.092300707290799977e+01 5.459068904593199689e-04
2.104867077905199935e+01 4.605575698170299884e-04
2.117433448519500061e+01 2.836325137595599845e-04
2.129999819133900019e+01 4.606524971165299950e-04
2.142566189748200145e+01 3.787267932254100174e-04
2.155132560362600103e+01 -2.847888755093100268e-04
2.167698930977000060e+01 -9.521572332620199678e-05
2.180265301591299831e+01 2.723523730762699747e-04
2.192831672205700144e+01 1.048025483651300008e-04
2.205398042819999915e+01 1.133571331500200004e-03
2.217964413434399873e+01 5.404840835643000491e-04
2.230530784048799831e+01 -2.537255150291800035e-04
2.243097154663099957e+01 1.238623110875200029e-04
2.255663525277499915e+01 -4.965321970485299949e-04
2.268229895891800041e+01 9.749046301081999537e-05
2.280796266506199999e+01 2.035709237139700096e-04
2.293362637120500125e+01 2.379838717069500124e-05
2.305929007734900082e+01 -3.211307553127400161e-04
2.318495378349300040e+01 1.783687568059700082e-05
2.331061748963600166e+01 4.871748086656399793e-04
2.343628119578000124e+01 -3.551996702116399823e-04
2.356194490192299895e+01 1.879771282760099918e-04
2.368760860806699853e+01 5.808563695817099996e-04
2.381327231421100166e+01 3.346513306762499912e-05
2.393893602035399937e+01 3.204637522755799891e-04
2.406459972649799894e+01 -7.519899431746600359e-05
2.419026343264100021e+01 -3.107632340245600178e-04
2.431592713878499978e+01 5.198845190261799703e-04
2.444159084492899936e+01 1.723767151042400014e-04
2.456725455107200062e+01 7.530922873044300489e-04
2.469291825721600020e+01 1.049211363313899996e-03
2.481858196335900146e+01 -1.393535291089300016e-04
2.494424566950300104e+01 4.810098222475199786e-04
2.506990937564700062e+01 4.432652973303699930e-04
2.519557308178999833e+01 6.520887270847600158e-04
2.532123678793400146e+01 7.844287502734000397e-04
2.544690049407699917e+01 9.152844023359999997e-06
2.557256420022099874e+01 3.907386169412999793e-04
2.569822790636499832e+01 4.009990499451699894e-04
2.582389161250799958e+01 -2.405528601318199930e-05
2.594955531865199916e+01 1.638516272468799927e-04
2.607521902479500042e+01 9.815023925715999655e-05
2.620088273093900000e+01 3.879742097965099942e-04
2.632654643708200126e+01 2.317676801717399946e-04
2.645221014322600084e+01 9.357406179983400116e-04
2.657787384937000041e+01 3.690968968331600000e-04
2.670353755551300168e+01 1.919827581277099894e-04
2.682920126165700125e+01 2.702255727924900023e-04
2.695486496779999896e+01 2.908564592382900096e-04
2.708052867394399854e+01 4.706515775321700270e-04
2.720619238008800167e+01 2.864631433849399735e-04
2.733185608623099938e+01 3.274219223099400044e-04
2.745751979237499896e+01 6.740045215187199937e-04
2.758318349851800022e+01 3.985325059692500032e-04
2.770884720466199980e+01 -7.061748575808999347e-05
2.783451091080599937e+01 1.663281651292599945e-04
2.796017461694900064e+01 6.030689996222999812e-04
2.808583832309300021e+01 3.697126903990900163e-04
2.821150202923600148e+01 -2.139394688037400086e-04
2.833716573538000105e+01 2.274948739317200015e-04
2.846282944152400063e+01 1.071870449280600030e-05
2.858849314766699834e+01 1.639498381429099869e-04
2.871415685381100147e+01 6.534114896864399525e-04
2.883982055995399918e+01 7.861003119787499886e-04
2.896548426609799876e+01 -2.349785098581400002e-04
2.909114797224100002e+01 -8.918158306563200258e-05
2.921681167838499960e+01 -3.772227802358800104e-06
2.934247538452899917e+01 1.208906355168899976e-04
2.946813909067200044e+01 1.701120598937199888e-04
2.959380279681600001e+01 4.035974199146299962e-05
2.971946650295900128e+01 -2.985255500229200103e-04
2.984513020910300085e+01 2.294075446116000064e-04
2.997079391524700043e+01 2.849540917516600038e-04
3.009645762139000169e+01 3.689298287781299910e-04
3.022212132753400127e+01 3.428875895503400231e-04
3.034778503367699898e+01 -3.429241024081699824e-04
3.047344873982099855e+01 3.125150042979400137e-04
3.059911244596500168e+01 1.559162210743799965e-04
3.072477615210799939e+01 6.233006174897199724e-04
3.085043985825199897e+01 -1.733248363907899966e-04
3.097610356439500023e+01 -2.700552765331599796e-04
3.110176727053899981e+01 3.995874438743700070e-04
3.122743097668299939e+01 -6.766868857257100294e-06
3.135309468282600065e+01 2.432346712310200012e-05
3.147875838897000023e+01 2.083723060023499950e-04
3.160442209511300149e+01 7.792962987842199816e-04
3.173008580125700107e+01 5.531578190490900283e-04
3.185574950740100064e+01 -6.799836745336100097e-05
3.198141321354399835e+01 4.446099545661000313e-05
3.210707691968799793e+01 -1.503057054755299956e-05
3.223274062583099919e+01 7.204816158814900320e-06
3.235840433197500232e+01 3.307411450515600204e-04
3.248406803811799648e+01 3.157887039494599820e-04
3.260973174426199961e+01 -2.572960207638399859e-05
3.273539545040600274e+01 3.798643290282300027e-04
3.286105915654899690e+01 8.254595784650099819e-05
3.298672286269300002e+01 4.764323511080100111e-04
3.311238656883600129e+01 -1.814662717869799935e-04
3.323805027497999731e+01 4.715052796065800152e-04
3.336371398112400044e+01 3.674942583283100257e-05
3.348937768726700170e+01 6.043607072606399944e-04
3.361504139341099773e+01 6.390661008525000538e-04
3.374070509955399899e+01 2.126864086717900016e-04
3.386636880569800212e+01 -1.311462587515099993e-04
3.399203251184199814e+01 3.615203084901800101e-04
3.411769621798499941e+01 -2.854018925773200120e-04
3.424335992412900254e+01 1.522026523675499990e-04
3.436902363027199669e+01 -1.209493409506099998e-04
3.449468733641599982e+01 3.983701535020299847e-04
3.462035104256000295e+01 -5.094614710871799869e-05
3.474601474870299711e+01 -5.833421197986400153e-04
3.487167845484700024e+01 5.150644268714500533e-04
3.499734216099000150e+01 5.752307210092700088e-04
3.512300586713399753e+01 2.905402852315999967e-04
3.524866957327699879e+01 -2.226830210612599907e-04
3.537433327942100192e+01 -1.209791706485000050e-04
3.549999698556499794e+01 -4.019376538465199879e-05
3.562566069170799921e+01 2.129689968904500020e-04
3.575132439785200233e+01 9.647198089403400106e-04
3.587698810399499649e+01 5.409593196881599866e-04
3.600265181013899962e+01 2.960420199501200022e-04
3.612831551628300275e+01 3.457511422657099992e-04
3.625397922242599691e+01 3.869430027864299935e-04
3.637964292857000004e+01 7.894058380102099393e-05
3.650530663471300130e+01 -5.197933754150199686e-05
3.663097034085699732e+01 3.218252510219400263e-04
3.675663404700100045e+01 5.187340745285600515e-04
3.688229775314400172e+01 -3.013022842607300088e-04
3.700796145928799774e+01 1.324038857290599875e-04
3.713362516543099900e+01 -8.026789142255299711e-05
3.725928887157500213e+01 -1.181585795517600061e-05
3.738495257771899816e+01 -1.360046093931100103e-04
3.751061628386199942e+01 7.006287872395699611e-05
3.763627999000600255e+01 3.283078463508600137e-04
3.776194369614899671e+01 2.025077307418199910e-04
3.788760740229299984e+01 6.968041932472700522e-04
3.801327110843600110e+01 3.716923816070100074e-04
3.813893481457999712e+01 -1.265687747005599941e-04
3.826459852072400025e+01 3.284384072213199939e-04
3.839026222686700152e+01 1.992632783616300036e-04
3.851592593301099754e+01 -1.439415138897199956e-05
3.864158963915399880e+01 7.683450763699600013e-05
3.876725334529800193e+01 -5.826618812350199981e-05
3.889291705144199796e+01 1.838459216078899914e-04
3.901858075758499922e+01 -3.216711778902800250e-04
3.914424446372900235e+01 -4.896860496509200132e-04
3.926990816987199651e+01 4.613527557840299748e-04
3.939557187601599964e+01 -5.076635829566499610e-04
3.952123558216000276e+01 -2.311817111230799989e-04
3.964689928830299692e+01 1.746326350059999898e-04
3.977256299444700005e+01 1.298079485642099937e-04
3.989822670059000131e+01 5.896583973457100031e-04
4.002389040673399734e+01 3.044133564054800128e-04
4.014955411287800047e+01 -4.427725651576199981e-04
4.027521781902100173e+01 3.855327516031799837e-04
4.040088152516499775e+01 2.192542059183599985e-04
4.052654523130799902e+01 1.266430682301200066e-05
4.065220893745200215e+01 9.634317451379600136e-05
4.077787264359599817e+01 1.119941866889200048e-04
4.090353634973899943e+01 3.280784494133299947e-04
4.102920005588300256e+01 7.602802869623199327e-05
4.115486376202599672e+01 8.766137054811000157e-04
4.128052746816999985e+01 2.549347211150800049e-05
4.140619117431300111e+01 3.270264905867900054e-04
4.153185488045699714e+01 -6.428109407973000428e-04
4.165751858660100027e+01 5.049686705352600147e-05
4.178318229274400153e+01 5.486606398904899555e-04
4.190884599888799755e+01 1.185288943900099946e-05
4.203450970503099882e+01 2.611760450056200070e-04
4.216017341117500195e+01 -5.200540397312699827e-05
4.228583711731899797e+01 5.484740446310400414e-04
4.241150082346199923e+01 6.782728031349599587e-04
4.253716452960600236e+01 -2.061566530576000047e-04
4.266282823574899652e+01 6.814585973710800314e-04
4.278849194189299965e+01 1.026435171668799992e-04
4.291415564803700278e+01 1.030459595419799980e-04
4.303981935417999694e+01 -1.668632211669899868e-05
4.316548306032400006e+01 1.129344069732200029e-04
4.329114676646700133e+01 -4.209469656806399902e-05
4.341681047261099735e+01 4.235127581040800207e-04
4.354247417875500048e+01 2.726106751031400106e-04
4.366813788489800174e+01 -6.108511108517400423e-04
4.379380159104199777e+01 8.946943640430000597e-05
4.391946529718499903e+01 5.828618221551599803e-04
4.404512900332900216e+01 2.872946201259999797e-04
4.417079270947200342e+01 7.985982408633399881e-05
4.429645641561599945e+01 -8.433788056035199977e-05
4.442212012176000258e+01 3.434192726548599794e-04
4.454778382790299673e+01 -9.889634723206499689e-05
4.467344753404699986e+01 -3.746834584879800076e-04
4.479911124019000113e+01 4.446857071502299764e-04
4.492477494633399715e+01 6.239013654162799734e-04
4.505043865247800028e+01 2.600119602952299870e-04
4.517610235862100154e+01 2.569149993146600071e-04
4.530176606476499757e+01 2.358593109707500112e-04
4.542742977090799883e+01 2.581984447883899948e-04
4.555309347705200196e+01 2.326060556814100056e-04
4.567875718319599798e+01 3.036399677732900247e-04
4.580442088933899925e+01 1.585030648926500068e-04
4.593008459548300237e+01 8.950284290824799926e-05
4.605574830162599653e+01 1.002586923785700061e-04
4.618141200776999966e+01 2.527240168996400141e-04
4.630707571391400279e+01 -1.438700917949900016e-04
4.643273942005699695e+01 1.247121545959699990e-04
4.655840312620100008e+01 3.511298194374300121e-04
4.668406683234400134e+01 -3.760387346498699976e-04
4.680973053848799736e+01 3.405716536363400022e-04
4.693539424463200049e+01 1.128077725905000044e-04
4.706105795077500176e+01 1.859467413354699925e-04
4.718672165691899778e+01 2.375322012052599881e-04
4.731238536306199904e+01 4.154372118053000244e-04
4.743804906920600217e+01 -2.308470509093599871e-04
4.756371277534900344e+01 -1.259302626668099966e-04
4.768937648149299946e+01 1.735704926513999876e-04
4.781504018763700259e+01 3.321047326279999911e-04
4.794070389377999675e+01 6.634065669714199649e-04
4.806636759992399988e+01 -2.827768482212999926e-04
4.819203130606700114e+01 1.672054250794200098e-04
4.831769501221099716e+01 2.836024733226900086e-05
4.844335871835500029e+01 5.008237243069899947e-04
4.856902242449800156e+01 -1.660308129065599992e-04
4.869468613064199758e+01 8.464018684150100035e-05
4.882034983678499884e+01 3.176992484959100150e-05
4.894601354292900197e+01 -3.560884862297699987e-04
4.907167724907299799e+01 7.881185431374900397e-05
4.919734095521599926e+01 3.855293470230500269e-05
4.932300466136000239e+01 9.388525715935599754e-05
4.944866836750299655e+01 -5.995544913721699895e-05
4.957433207364699967e+01 9.106354144213699674e-04
4.969999577979100280e+01 1.650894900988700070e-04
4.982565948593399696e+01 1.703402396729099895e-04
4.995132319207800009e+01 -5.941828451590299706e-05
5.007698689822100135e+01 -9.211892167920599363e-05
5.020265060436499738e+01 1.078036026068499969e-04
5.032831431050799864e+01 8.341501285105500487e-04
5.045397801665200177e+01 -3.969265660648300205e-04
5.057964172279599779e+01 1.952132174510399923e-04
5.070530542893899906e+01 7.219829083453100206e-04
5.083096913508300219e+01 -2.078925092059199912e-04
5.095663284122600345e+01 5.897791664079699969e-04
5.108229654736999947e+01 2.307971126341400040e-04
5.120796025351400260e+01 -2.889495394068599863e-04
5.133362395965699676e+01 5.301561283733099723e-04
5.145928766580099989e+01 1.627539528813599901e-04
5.158495137194400115e+01 2.766807933020899940e-04
5.171061507808799718e+01 8.856456046702000412e-06
5.183627878423200031e+01 1.016575229890000079e-03
5.196194249037500157e+01 5.001001690791299957e-04
5.208760619651899759e+01 -3.109003375040199791e-04
5.221326990266199886e+01 -2.436120088125699886e-04
5.233893360880600198e+01 8.290527875709099808e-05
5.246459731494999801e+01 -9.543935515480499567e-04
5.259026102109299927e+01 -5.358329619725099796e-04
5.271592472723700240e+01 -1.815897502792899890e-04
5.284158843337999656e+01 -1.560583526201199953e-04
5.296725213952399969e+01 -1.746183636280999895e-04
5.309291584566800282e+01 4.327467947162699986e-05
5.321857955181099697e+01 3.001439963428700132e-05
5.334424325795500010e+01 -2.234407313613700000e-04
5.346990696409800137e+01 -1.106599098470499950e-04
5.359557067024199739e+01 -4.523382694139700200e-04
5.372123437638499865e+01 -4.844511396350000151e-04
5.384689808252900178e+01 -3.643119440122599933e-04
5.397256178867299781e+01 -2.243507191769100124e-05
5.409822549481599907e+01 -2.025618745768000128e-05
5.422388920096000220e+01 8.734562962699099660e-04
5.434955290710300346e+01 3.673685707856299935e-04
5.447521661324699949e+01 9.196902429969899871e-05
5.460088031939100262e+01 6.334674540653200368e-04
5.472654402553399677e+01 8.558119760338899532e-07
5.485220773167799990e+01 8.237673409209799391e-05
5.497787143782100117e+01 2.140462716382299929e-04
5.510353514396499719e+01 1.922997283458100111e-04
5.522919885010900032e+01 -5.606074577498900026e-05
5.535486255625200158e+01 -2.188950226297600016e-04
5.548052626239599761e+01 -2.504310471975800065e-04
5.560618996853899887e+01 3.795379891340900052e-05
5.573185367468300200e+01 6.595781890265000117e-05
5.585751738082699802e+01 -8.845528706459600417e-05
5.598318108696999928e+01 -1.338732598853599877e-04
5.610884479311400241e+01 -2.330579075633299911e-04
5.623450849925699657e+01 -2.419939323057499880e-04
5.636017220540099970e+01 -2.890943373516699760e-04
5.648583591154400096e+01 -2.937872356416599911e-04
5.661149961768799699e+01 2.555801136584200128e-04
5.673716332383200012e+01 3.549014690711500006e-04
5.686282702997500138e+01 6.824446219992000165e-04
5.698849073611899740e+01 1.431012526374900000e-04
5.711415444226199867e+01 -1.581058324785200022e-04
5.723981814840600180e+01 7.855956872119800190e-05
5.736548185454999782e+01 -3.737752226393999903e-05
5.749114556069299908e+01 7.192000424378900336e-04
5.761680926683700221e+01 -4.291567920486299796e-05
5.774247297298000348e+01 -2.822158365243400261e-04
5.786813667912399950e+01 4.406550702718499998e-04
5.799380038526800263e+01 -1.024403774626599935e-04
5.811946409141099679e+01 -2.822768041901799760e-04
5.824512779755499992e+01 4.064274682308800161e-04
5.837079150369800118e+01 -1.030041699074900059e-04
5.849645520984199720e+01 -3.741852085893800041e-04
5.862211891598600033e+01 6.851055930920899604e-04
5.874778262212900160e+01 -1.777177769240600048e-04
5.887344632827299762e+01 6.560214732930899541e-04
5.899911003441599888e+01 3.454295079212400224e-04
5.912477374056000201e+01 3.649678770008299802e-04
5.925043744670399803e+01 3.731758313757899928e-04
5.937610115284699930e+01 1.511840504577599944e-04
5.950176485899100243e+01 9.681819807416099593e-06
5.962742856513399659e+01 1.615616492300699938e-04
5.975309227127799971e+01 1.874198645381900091e-04
5.987875597742100098e+01 2.557620342022999839e-05
6.000441968356499700e+01 -2.650645085918300228e-04
6.013008338970900013e+01 5.455914127550499752e-04
6.025574709585200139e+01 -2.554113985996300106e-06
6.038141080199599742e+01 -1.453487451805199966e-04
6.050707450813899868e+01 2.326712644833400095e-04
6.063273821428300181e+01 2.899626323697099815e-04
6.075840192042699783e+01 -4.816398622401400059e-05
6.088406562656999910e+01 5.041777035897400394e-04
6.100972933271400223e+01 -2.092531686919000048e-04
6.113539303885700349e+01 -3.786677016416900186e-04
6.126105674500099951e+01 -6.383843877477100035e-05
6.138672045114500264e+01 -3.850670823245799784e-05
6.151238415728799680e+01 1.926284701424200031e-04
6.163804786343199993e+01 1.848489872866299890e-04
6.176371156957500119e+01 6.596187676820800406e-05
6.188937527571899722e+01 1.987146192432199968e-04
6.201503898186300034e+01 -1.168846825796899960e-04
6.214070268800600161e+01 6.929950056727000093e-04
6.226636639414999763e+01 1.010023291493600026e-05
6.239203010029299890e+01 -2.481841471971700150e-04
6.251769380643700202e+01 -9.909327762923999963e-05
6.264335751258000329e+01 -9.322714359625600036e-05
6.276902121872399931e+01 6.310710933856900529e-05
6.289468492486800244e+01 -1.211197908581300052e-04
6.302034863101099660e+01 2.661070237374799910e-04
6.314601233715499973e+01 -7.737380069177500074e-05
6.327167604329800099e+01 4.148422373089300039e-04
6.339733974944199701e+01 2.411799537565800094e-04
6.352300345558600014e+01 -4.662744196661200262e-04
6.364866716172900141e+01 3.521730810097799974e-04
6.377433086787299743e+01 -5.504691602643299554e-04
6.389999457401599869e+01 -5.889914053217700361e-06
6.402565828016000182e+01 4.821726136200900196e-04
6.415132198630399785e+01 -2.706726507220000061e-04
6.427698569244699911e+01 1.198049344008000005e-04
6.440264939859099513e+01 5.234861619799700003e-04
6.452831310473399640e+01 -1.504718798003899880e-04
6.465397681087800663e+01 -1.697066050242100035e-04
6.477964051702200265e+01 -3.456664519840300172e-04
6.490530422316500392e+01 6.743098938472800443e-05
6.503096792930899994e+01 4.022716258403300242e-04
6.515663163545200121e+01 -6.815646769588500423e-04
6.528229534159599723e+01 3.541376817611500039e-04
6.540795904773899849e+01 -8.704358753420400054e-05
6.553362275388299452e+01 -1.735574576676600009e-04
6.565928646002700475e+01 -2.566753649279499916e-04
6.578495016617000601e+01 1.757142705315599954e-05
6.591061387231400204e+01 8.186456611930899773e-05
6.603627757845700330e+01 -4.771167702194699942e-04
6.616194128460099932e+01 4.367962036921000085e-04
6.628760499074499535e+01 2.361039722933500117e-04
6.641326869688799661e+01 -1.674747350089399991e-04
6.653893240303200685e+01 -1.263193282445400096e-04
6.666459610917499390e+01 6.148003257775599669e-04
6.679025981531900413e+01 3.257828840548499883e-04
6.691592352146300016e+01 5.318369458642600118e-04
6.704158722760600142e+01 1.249244885081199948e-04
6.716725093374999744e+01 -1.121898823116799951e-05
6.729291463989299871e+01 -1.170751013007299975e-04
6.741857834603699473e+01 2.950976333898899860e-04
6.754424205218100496e+01 -9.058902029743199844e-05
6.766990575832400623e+01 -5.827402971664299666e-05
6.779556946446800225e+01 3.952162790360000269e-04
6.792123317061100352e+01 1.799888217606399957e-05
6.804689687675499954e+01 3.150089391356300245e-04
6.817256058289899556e+01 -1.009405169321799965e-04
6.829822428904199683e+01 3.602370972860000162e-04
6.842388799518600706e+01 2.897331592469199846e-04
6.854955170132899411e+01 -6.473483635098999794e-04
6.867521540747300435e+01 6.989366412544500301e-05
6.880087911361600561e+01 -1.815795187095000054e-05
6.892654281976000163e+01 -2.227661489084299944e-04
6.905220652590399766e+01 1.530599401930500005e-04
6.917787023204699892e+01 2.968664748879699987e-04
6.930353393819099495e+01 -7.826257426771899379e-05
6.942919764433399621e+01 2.005724910936700057e-04
6.955486135047800644e+01 -1.834660008298499910e-04
6.968052505662200247e+01 1.162118880062000016e-04
6.980618876276500373e+01 6.495152783659800377e-04
6.993185246890899975e+01 -8.143582815763499624e-04
7.005751617505200102e+01 -2.385983771869999985e-04
7.018317988119599704e+01 -1.903069601204499992e-04
7.030884358733999306e+01 1.085970116550299996e-04
7.043450729348299433e+01 3.380520798329900265e-04
7.056017099962700456e+01 3.869320216927399857e-04
7.068583470577000583e+01 -1.010762809634499943e-04
7.081149841191400185e+01 3.142929311607699965e-04
7.093716211805799787e+01 -1.454364256227499974e-04
7.106282582420099914e+01 -5.184681779746500019e-04
7.118848953034499516e+01 -9.076373956815699852e-05
7.131415323648799642e+01 -2.895458652395100242e-04
7.143981694263200666e+01 1.031455023435400047e-04
7.156548064877499371e+01 -3.276555365225199807e-04
7.169114435491900394e+01 -2.928436241300400099e-04
7.181680806106299997e+01 -1.576846764964800129e-04
7.194247176720600123e+01 5.751759856131399666e-04
7.206813547334999726e+01 -3.878973768369099870e-04
7.219379917949299852e+01 3.532144656203300222e-04
7.231946288563699454e+01 7.982868948544099934e-05
7.244512659178100478e+01 1.822842456785299880e-04
7.257079029792400604e+01 -1.956675918793200056e-04
7.269645400406800206e+01 6.347274315840900226e-05
7.282211771021100333e+01 1.202305909275300049e-04
7.294778141635499935e+01 -3.317828599185300214e-04
7.307344512249899537e+01 1.578627181059599912e-04
7.319910882864199664e+01 1.566701470758600113e-04
7.332477253478600687e+01 1.505599782231199996e-04
7.345043624092899393e+01 -3.242611550017200140e-04
7.357609994707300416e+01 -3.582542099145000236e-04
7.370176365321700018e+01 -1.132135652358099955e-04
7.382742735936000145e+01 -1.845670598729800107e-04
7.395309106550399747e+01 7.252368150746099987e-04
7.407875477164699873e+01 3.556776161334300186e-04
7.420441847779099476e+01 -1.982645481007400104e-05
7.433008218393500499e+01 -3.201320350339199828e-04
7.445574589007800625e+01 -5.901024543671600084e-04
7.458140959622200228e+01 1.341451211869900057e-04
7.470707330236500354e+01 4.079462195608800162e-04
7.483273700850899957e+01 1.889552599736100047e-04
7.495840071465200083e+01 -2.251942414791500025e-04
7.508406442079599685e+01 4.082909130481300417e-06
7.520972812694000709e+01 1.612077617595000052e-04
7.533539183308299414e+01 -8.473096465699700647e-05
7.546105553922700437e+01 6.625805475828200320e-05
7.558671924537000564e+01 4.099761822664199943e-04
7.571238295151400166e+01 9.081088483043399948e-05
7.583804665765799768e+01 4.438750558726600021e-04
7.596371036380099895e+01 2.213137537238799946e-04
7.608937406994499497e+01 2.480101620201700181e-04
7.621503777608799624e+01 -2.464425919623400231e-04
7.634070148223200647e+01 -4.787381979924400254e-04
7.646636518837600249e+01 -1.638347986363999971e-05
7.659202889451900376e+01 -2.686607470121000108e-04
7.671769260066299978e+01 2.253172699531700044e-04
7.684335630680600104e+01 3.394149904819499983e-05
7.696902001294999707e+01 9.353742718728299329e-05
7.709468371909399309e+01 -2.280990110963900008e-04
7.722034742523699435e+01 -4.184972247361400046e-04
7.734601113138100459e+01 -1.681706308682400105e-04
7.747167483752400585e+01 6.994551173605999478e-04
7.759733854366800188e+01 -2.322051814187999896e-04
7.772300224981100314e+01 2.390867805669600070e-04
7.784866595595499916e+01 1.959040163462400083e-04
7.797432966209899519e+01 2.256342708742600084e-04
7.809999336824199645e+01 -2.093900183984499991e-04
7.822565707438600668e+01 1.538455381757400039e-04
7.835132078052899374e+01 1.919499295139100029e-04
7.847698448667300397e+01 2.766906095194700071e-04
7.860264819281699999e+01 2.070637993227700073e-04
7.872831189896000126e+01 -4.801912328226299741e-04
7.885397560510399728e+01 -5.873157813719799737e-05
7.897963931124699855e+01 -3.469541144228300016e-04
7.910530301739099457e+01 3.938090928370499745e-05
7.923096672353500480e+01 -1.723450810966900093e-04
7.935663042967800607e+01 -3.529571251768099868e-05
7.948229413582200209e+01 3.114393073499799910e-04
7.960795784196500335e+01 4.305922511320299799e-04
7.973362154810899938e+01 2.093116561311500110e-04
7.985928525425299540e+01 7.058422453967600234e-04
7.998494896039599666e+01 4.224164833730699800e-04
8.011061266654000690e+01 -3.357051543730899933e-04
8.023627637268299395e+01 3.294725027786099840e-05
8.036194007882700419e+01 5.242983147567299712e-05
8.048760378497100021e+01 2.973220538199700027e-04
8.061326749111400147e+01 2.271861266772999869e-04
8.073893119725799750e+01 4.299021334839200079e-04
8.086459490340099876e+01 -1.721109220727600007e-04
8.099025860954499478e+01 -1.518785269181900004e-04
8.111592231568799605e+01 3.491234881471299884e-04
8.124158602183200628e+01 -2.305992741083699867e-04
8.136724972797600230e+01 -3.046143088118699908e-04
8.149291343411900357e+01 -2.972389836329999914e-04
8.161857714026299959e+01 4.515287019132499936e-04
8.174424084640600086e+01 2.407291174152799917e-04
8.186990455254999688e+01 -7.524110845497100370e-04
8.199556825869399290e+01 2.669436745128499883e-04
8.212123196483699417e+01 2.084228539067599893e-04
8.224689567098100440e+01 1.147008166058699973e-04
8.237255937712400566e+01 2.764411735998200032e-04
8.249822308326800169e+01 1.516476022909700070e-04
8.262388678941199771e+01 2.797428016509699773e-04
8.274955049555499897e+01 4.874923053020200074e-04
8.287521420169899500e+01 1.186000277833999935e-04
8.300087790784199626e+01 -3.419594787173500051e-05
8.312654161398600650e+01 -3.396837644734099974e-04
8.325220532013000252e+01 -5.302635041422599496e-04
8.337786902627300378e+01 -4.367950921124700171e-04
8.350353273241699981e+01 2.769066176424499968e-05
8.362919643856000107e+01 8.837174006881300646e-05
8.375486014470399709e+01 -2.890231005942399834e-04
8.388052385084699836e+01 -1.286101756670299983e-05
8.400618755699099438e+01 -4.454797571585500046e-05
8.413185126313500461e+01 2.748351229503599833e-04
8.425751496927800588e+01 7.211369230199100042e-04
8.438317867542200190e+01 1.468552409754099984e-04
8.450884238156500317e+01 -2.865326576592500162e-04
8.463450608770899919e+01 -2.843511205186400053e-04
8.476016979385299521e+01 2.544553844384099821e-04
8.488583349999599648e+01 4.564753392434499780e-04
8.501149720614000671e+01 9.869700927558700606e-05
8.513716091228299376e+01 -1.556596564643399950e-04
8.526282461842700400e+01 3.633915263349299764e-04
8.538848832457100002e+01 9.140665700100899501e-06
8.551415203071400128e+01 3.649000771958200161e-06
8.563981573685799731e+01 -1.307381640000699881e-04
8.576547944300099857e+01 -5.572623528320400522e-04
8.589114314914499460e+01 1.930171617043299921e-04
8.601680685528900483e+01 1.625579505092499986e-04
8.614247056143200609e+01 -4.400043592487199893e-04
8.626813426757600212e+01 9.347620291657900149e-04
8.639379797371900338e+01 -1.017658260421999998e-04
8.651946167986299940e+01 -2.696011806330100239e-04
8.664512538600600067e+01 4.457163820570699811e-04
8.677078909214999669e+01 4.909670907952500387e-04
8.689645279829400693e+01 4.190431065495799968e-04
8.702211650443699398e+01 -3.653148323274399813e-04
8.714778021058100421e+01 -3.798718429635100256e-04
8.727344391672400548e+01 -3.195677163466399906e-05
8.739910762286800150e+01 1.724479268564500128e-04
8.752477132901199752e+01 -4.841709826401099817e-04
8.765043503515499879e+01 -3.296119316863100235e-04
8.777609874129899481e+01 -3.676640046111699753e-04
8.790176244744199607e+01 -3.406676210256800010e-04
8.802742615358600631e+01 4.406393281928799844e-04
8.815308985973000233e+01 5.925800336351800309e-04
8.827875356587300359e+01 3.143835678746800073e-04
8.840441727201699962e+01 2.367154283192299908e-04
8.853008097816000088e+01 6.805631907862099870e-04
8.865574468430399691e+01 1.940198237687000094e-04
8.878140839044799293e+01 2.939181414092699820e-04
8.890707209659099419e+01 1.621818128679799965e-04
8.903273580273500443e+01 3.137771126800100179e-04
8.915839950887800569e+01 3.410171013529200257e-04
8.928406321502200171e+01 1.816887705600799896e-04
8.940972692116599774e+01 -1.883367513451200117e-04
8.953539062730899900e+01 6.937903152348300030e-04
8.966105433345299502e+01 -4.036106779941799836e-05
8.978671803959599629e+01 2.002638784710199975e-04
8.991238174574000652e+01 -3.374817677384300027e-04
9.003804545188299358e+01 2.461224271488399932e-05
9.016370915802700381e+01 2.340904816889699915e-04
9.028937286417099983e+01 3.017505904560899895e-04
9.041503657031400110e+01 4.211158888220200083e-04
9.054070027645799712e+01 1.323641829764300097e-04
9.066636398260099838e+01 1.506446764566799943e-04
9.079202768874499441e+01 4.439828272072199778e-04
9.091769139488900464e+01 2.990634112135900002e-04
9.104335510103200590e+01 2.968134808802500003e-04
9.116901880717600193e+01 3.619630830845300094e-04
9.129468251331900319e+01 4.484049230143899748e-04
9.142034621946299922e+01 -5.670554286114200216e-04
9.154600992560699524e+01 5.197567745874399946e-04
9.167167363174999650e+01 4.901357504373000246e-04
9.179733733789400674e+01 1.140572904691299999e-04
9.192300104403699379e+01 -2.378634338290499910e-04
9.204866475018100402e+01 1.252542161872900110e-04
9.217432845632500005e+01 1.786141648046399950e-04
9.229999216246800131e+01 2.399848996855399874e-04
9.242565586861199733e+01 2.091841625520800133e-04
9.255131957475499860e+01 -2.877573556557099909e-04
9.267698328089899462e+01 -3.712374354945099708e-05
9.280264698704199589e+01 2.163800388849300101e-04
9.292831069318600612e+01 5.589764732549600511e-04
9.305397439933000214e+01 -1.426826711346100042e-04
9.317963810547300341e+01 -2.528219501832199988e-05
9.330530181161699943e+01 1.441379435999100061e-04
9.343096551776000069e+01 4.641670683131499803e-04
9.355662922390399672e+01 8.753450349337400663e-06
9.368229293004800695e+01 -2.177767368118300106e-04
9.380795663619099400e+01 2.937070719024300128e-04
9.393362034233500424e+01 -5.333249780235199775e-04
9.405928404847800550e+01 -3.335270729507900013e-05
9.418494775462200153e+01 5.000002749453299686e-04
9.431061146076599755e+01 -4.093028217866300162e-04
9.443627516690899881e+01 2.780527747954700105e-04
9.456193887305299484e+01 -3.709632339822799816e-04
9.468760257919599610e+01 -2.108943792017799928e-04
9.481326628534000633e+01 6.950508372295800515e-04
9.493892999148400236e+01 -1.795169044953799956e-04
9.506459369762700362e+01 -3.817817677354599861e-04
9.519025740377099964e+01 -3.508071140397899987e-04
9.531592110991400091e+01 4.385142651560400111e-04
9.544158481605799693e+01 -3.732594044459700130e-04
9.556724852220199296e+01 3.425704377735899970e-04
9.569291222834499422e+01 -1.498889090897599988e-04
9.581857593448900445e+01 1.144994624835900016e-04
9.594423964063200572e+01 -1.469629450763999985e-04
9.606990334677600174e+01 2.833415950476400103e-05
9.619556705291900300e+01 2.698736195959700263e-04
9.632123075906299903e+01 2.652321368647900203e-04
9.644689446520699505e+01 7.113501037609800202e-06
9.657255817134999631e+01 7.302938437687499880e-04
9.669822187749400655e+01 3.449751812034500004e-05
9.682388558363699360e+01 -4.130398603676799734e-05
9.694954928978100384e+01 1.224385840477699950e-04
9.707521299592499986e+01 -1.454347695552100060e-04
9.720087670206800112e+01 -1.073026055640400038e-04
9.732654040821199715e+01 -1.915934955616500044e-04
9.745220411435499841e+01 1.345778437087100023e-04
9.757786782049899443e+01 -4.490330651423399765e-04
9.770353152664300467e+01 1.593223827082400075e-04
9.782919523278600593e+01 -2.208968606932400073e-04
9.795485893893000195e+01 1.357196411701700096e-04
9.808052264507300322e+01 -2.412762261036900094e-04
9.820618635121699924e+01 4.932710153747399951e-06
9.833185005736099527e+01 1.348929957424899900e-04
9.845751376350399653e+01 1.544924569331800111e-04
9.858317746964800676e+01 2.108073049330500047e-04
9.870884117579099382e+01 4.072211499693300144e-04
9.883450488193500405e+01 1.002779453687600023e-04
9.896016858807800531e+01 -5.174423767105599734e-05
9.908583229422200134e+01 3.544803012081199772e-04
9.921149600036599736e+01 -1.673821179739999989e-04
9.933715970650899862e+01 1.786635617608299992e-05
9.946282341265299465e+01 -4.489976581272800199e-05
9.958848711879599591e+01 7.586512513561200247e-05
9.971415082494000615e+01 7.058553613728100367e-05
9.983981453108400217e+01 -2.726758438596199857e-04
9.996547823722700343e+01 -1.048624453504299958e-04
1.000911419433700047e+02 -3.593584444797099796e-04
1.002168056495099933e+02 1.894698179832600090e-04
1.003424693556600005e+02 3.026012324633500002e-04
1.004681330618000032e+02 1.601690762231100084e-04
1.005937967679499963e+02 -5.284170882560600049e-04
1.007194604740899990e+02 4.197276324453900055e-04
1.008451241802300018e+02 3.752186500758299972e-05
1.009707878863799948e+02 -7.119003208075400221e-05
1.010964515925199976e+02 -2.822380271498700025e-04
1.012221152986600003e+02 3.381597140443400257e-04
1.013477790048099934e+02 -3.513397645442000220e-04
1.014734427109499961e+02 -3.420162258767699788e-04
1.015991064170899989e+02 -2.153314953104499923e-04
1.017247701232400061e+02 -2.077701291553699905e-04
1.018504338293799947e+02 -2.992442785644600155e-04
1.019760975355199975e+02 -2.463872974493199874e-04
1.021017612416700047e+02 5.951513820980600415e-04
1.022274249478099932e+02 -8.877882588712899961e-05
1.023530886539600004e+02 -6.809208645919300655e-05
1.024787523601000032e+02 6.097139317433200259e-05
1.026044160662400060e+02 -4.494660908696000213e-04
1.027300797723899990e+02 1.754174752847999924e-04
1.028557434785300018e+02 1.110700479829600045e-04
1.029814071846700045e+02 -2.629754946874999838e-04
1.031070708908199975e+02 3.067135809538000025e-04
1.032327345969600003e+02 1.576975588481599867e-04
1.033583983031000031e+02 2.837787815671699791e-06
1.034840620092499961e+02 -3.893742464176700173e-04
1.036097257153899989e+02 -3.704437108505900106e-04
1.037353894215300016e+02 -3.050956472187599960e-04
1.038610531276799946e+02 1.889191529214799884e-04
1.039867168338199974e+02 1.948413416868599991e-04
1.041123805399700046e+02 2.136916256198499904e-04
1.042380442461099932e+02 -2.156758484074799959e-05
1.043637079522499960e+02 3.138431315971900240e-04
1.044893716584000032e+02 -5.166569121267399910e-05
1.046150353645400060e+02 3.405212501026900107e-05
1.047406990706799945e+02 1.156459061085099958e-04
1.048663627768300017e+02 1.293672032399100055e-04
1.049920264829700045e+02 9.918868026078499830e-05
1.051176901891099931e+02 -2.839489183520999991e-04
1.052433538952600003e+02 2.953439152553799974e-04
1.053690176014000031e+02 5.578037935589200179e-04
1.054946813075499961e+02 8.968177475520299651e-05
1.056203450136899988e+02 9.705812887269100661e-05
1.057460087198300016e+02 -9.092990298535000594e-06
1.058716724259799946e+02 -3.943315626284799816e-04
1.059973361321199974e+02 8.600099362726300485e-05
1.061229998382600002e+02 -3.499166398081100045e-04
1.062486635444099932e+02 4.991666725742599687e-05
1.063743272505499959e+02 -1.367989820752500039e-05
1.064999909566899987e+02 -5.921332029638100422e-04
1.066256546628400059e+02 -4.587102001315699847e-04
1.067513183689799945e+02 1.396809487461000109e-04
1.068769820751199973e+02 1.837238839645700017e-04
1.070026457812700045e+02 -4.205878995185399934e-04
1.071283094874099930e+02 2.111586200092199902e-04
1.072539731935600003e+02 -8.755157942566299495e-07
1.073796368997000030e+02 -1.310391588665499915e-04
1.075053006058400058e+02 -4.778764760584400001e-05
1.076309643119899988e+02 1.392571367006200061e-04
1.077566280181300016e+02 1.093899785172900015e-04
1.078822917242700044e+02 1.671057787257700046e-04
1.080079554304199974e+02 -1.036440298300099923e-05
1.081336191365600001e+02 -1.969058416688499987e-04
1.082592828427000029e+02 -1.180280053213299946e-04
1.083849465488499959e+02 1.485431743708699878e-04
1.085106102549899987e+02 1.521524635652700083e-04
1.086362739611400059e+02 -1.308004293848199985e-04
1.087619376672799945e+02 -3.278783836466300154e-04
1.088876013734199972e+02 7.352236729609300009e-05
1.090132650795700044e+02 -4.391862994052400139e-04
1.091389287857099930e+02 4.317752033911399952e-04
1.092645924918499958e+02 2.689180834202600009e-04
1.093902561980000030e+02 -1.517578433886199868e-04
1.095159199041400058e+02 1.971447141892800100e-05
1.096415836102799943e+02 1.329565455862399966e-04
1.097672473164300015e+02 -2.390750980939600082e-04
1.098929110225700043e+02 -3.709300994385099988e-04
1.100185747287100071e+02 -4.931977914558499827e-04
1.101442384348600001e+02 -1.195501490333499977e-04
1.102699021410000029e+02 -1.802951215390300008e-04
1.103955658471499959e+02 3.171911686965699843e-04
1.105212295532899986e+02 3.816845818862600148e-04
1.106468932594300014e+02 2.646165477568300015e-05
1.107725569655799944e+02 -6.451676563226199342e-05
1.108982206717199972e+02 5.663035275787999716e-04
1.110238843778600000e+02 1.164772948973899985e-04
1.111495480840099930e+02 1.157687039757999969e-04
1.112752117901499957e+02 1.665877485007699870e-04
1.114008754962899985e+02 -3.074629013549299759e-04
1.115265392024400057e+02 8.574053983745200526e-05
1.116522029085799943e+02 -3.232682936849400101e-04
1.117778666147199971e+02 -5.582655280804300338e-04
1.119035303208700043e+02 5.571910393277099919e-04
1.120291940270100071e+02 -2.204257342555600036e-04
1.121548577331600001e+02 -5.108032441527799925e-05
1.122805214393000028e+02 1.341962775335100088e-04
1.124061851454400056e+02 1.758638938359900121e-04
1.125318488515899986e+02 -2.927398783528100041e-04
1.126575125577300014e+02 -4.345898189659499968e-04
1.127831762638700042e+02 -3.298080105732100159e-04
1.129088399700199972e+02 5.829585870945699650e-04
1.130345036761599999e+02 -3.268209467842199986e-04
1.131601673823000027e+02 -5.656521708410700212e-05
1.132858310884499957e+02 4.483739747253200411e-06
1.134114947945899985e+02 6.351817957436899781e-04
1.135371585007400057e+02 -2.562909237331499900e-05
1.136628222068799943e+02 1.730271409417199872e-04
1.137884859130199970e+02 1.304482371065199871e-04
1.139141496191700043e+02 -3.247441146825000074e-04
1.140398133253100070e+02 -4.844717807280000076e-05
1.141654770314499956e+02 1.513193590289799867e-04
1.142911407376000028e+02 4.464963678687800094e-05
1.144168044437400056e+02 -6.532458819817900625e-05
1.145424681498799941e+02 2.231803933076700029e-04
1.146681318560300014e+02 -4.765564702573099761e-04
1.147937955621700041e+02 6.318537399169800450e-04
1.149194592683100069e+02 5.233168394314200063e-05
1.150451229744599999e+02 5.588067386751299770e-04
1.151707866806000027e+02 4.535774918698199775e-04
1.152964503867499957e+02 3.487924968035100234e-05
1.154221140928899985e+02 1.860708261937899966e-05
1.155477777990300012e+02 -6.043313574461499880e-04
1.156734415051799942e+02 -2.818354785965500060e-04
1.157991052113199970e+02 -1.679065333620900096e-04
1.159247689174599998e+02 7.496097358726099566e-05
1.160504326236100070e+02 6.465133830187300493e-04
1.161760963297499956e+02 -5.498406337897300154e-04
1.163017600358899983e+02 6.697563508665199769e-06
1.164274237420400055e+02 1.567753490108100009e-04
1.165530874481799941e+02 -6.860817384237299921e-04
1.166787511543199969e+02 2.693370308045599931e-04
1.168044148604700041e+02 -3.042203128566699981e-04
1.169300785666100069e+02 -4.409692889750699871e-04
1.170557422727599999e+02 4.645311910143299787e-05
1.171814059789000027e+02 -3.140645665815800132e-05
1.173070696850400054e+02 -1.949802719002499891e-04
1.174327333911899984e+02 -6.721668511587199502e-05
1.175583970973300012e+02 2.589310119458700251e-04
1.176840608034700040e+02 3.514928709020699989e-05
1.178097245096199970e+02 6.066000513874699758e-05
1.179353882157599998e+02 6.772941044348399506e-04
1.180610519219000025e+02 -4.856116089099500187e-04
1.181867156280499955e+02 6.958136589789399792e-05
1.183123793341899983e+02 3.056371829328399792e-04
1.184380430403400055e+02 5.319879020713999865e-05
1.185637067464799941e+02 -4.198083692271899767e-04
1.186893704526199969e+02 1.791102092409499903e-04
1.188150341587700041e+02 4.561539672445800249e-05
1.189406978649100068e+02 -1.674189835412300020e-04
1.190663615710499954e+02 -6.117448827869499889e-04
1.191920252772000026e+02 -2.897506542732799996e-04
1.193176889833400054e+02 -6.289224062600300320e-04
1.194433526894799940e+02 -4.713765968574899941e-04
1.195690163956300012e+02 -7.410584215032699554e-05
1.196946801017700039e+02 -2.313680108892800084e-04
1.198203438079100067e+02 -5.542945658449199538e-04
1.199460075140599997e+02 3.469343666322900156e-06
1.200716712202000025e+02 6.368851940653399817e-04
1.201973349263499955e+02 2.252082389967500055e-04
1.203229986324899983e+02 -7.882748505704200001e-05
1.204486623386300010e+02 -7.593744703130899569e-04
1.205743260447799940e+02 -1.099750798628400044e-04
1.206999897509199968e+02 2.940871372768400199e-04
1.208256534570599996e+02 1.379218681249899883e-07
1.209513171632100068e+02 -1.914868814565499921e-04
1.210769808693499954e+02 -1.033521880258399971e-04
1.212026445754899981e+02 -1.730381626142400047e-04
1.213283082816400054e+02 -1.525067709060199891e-04
1.214539719877799939e+02 -6.341124568713299827e-04
1.215796356939199967e+02 2.115438063594799920e-04
1.217052994000700039e+02 7.274941218487199950e-04
1.218309631062100067e+02 4.935282916139599983e-04
1.219566268123599997e+02 6.474817772286000457e-04
1.220822905185000025e+02 -1.469160137693900072e-04
1.222079542246400052e+02 -2.480897153497800111e-04
1.223336179307899982e+02 5.014743969359899533e-04
1.224592816369300010e+02 -1.556844295490500114e-04
1.225849453430700038e+02 1.510064936379699990e-05
1.227106090492199968e+02 5.364356780041900188e-05
1.228362727553599996e+02 2.802651597368899759e-04
1.229619364615000023e+02 1.258631226853899887e-04
1.230876001676499953e+02 -1.843642957098300074e-04
1.232132638737899981e+02 -1.772760094566600117e-04
1.233389275799400053e+02 -7.360734583501400263e-05
1.234645912860799939e+02 -1.607093734273300017e-04
1.235902549922199967e+02 2.093777978664800087e-04
1.237159186983700039e+02 -1.378128153628800114e-04
1.238415824045100067e+02 1.839042929191499881e-04
1.239672461106499952e+02 -2.670288133583500101e-04
1.240929098168000024e+02 -8.923555504139699395e-05
1.242185735229400052e+02 3.112998582372700045e-04
1.243442372290799938e+02 1.605192275000699969e-04
1.244699009352300010e+02 -2.499011071871300128e-04
1.245955646413700038e+02 1.316902270078199933e-04
1.247212283475100065e+02 1.255160851300300012e-04
1.248468920536599995e+02 3.955039692687100235e-05
1.249725557598000023e+02 2.726803707773600119e-04
1.250982194659499953e+02 -3.087267222883399763e-04
1.252238831720899981e+02 -1.608973831107500074e-04
1.253495468782300009e+02 -2.422873408438699938e-04
1.254752105843799939e+02 4.257586859896000161e-04
1.256008742905199966e+02 9.697857379664099849e-05
1.257265379966599994e+02 3.046062543972100209e-04
1.258522017028100066e+02 8.590099515478100302e-06
1.259778654089499952e+02 -2.893889599643299933e-04
1.261035291150899980e+02 3.869122625165200219e-05
1.262291928212400052e+02 1.500783393987500122e-04
1.263548565273799937e+02 -1.181202392584200023e-04
1.264805202335300010e+02 -2.986247132614599782e-04
1.266061839396700037e+02 -1.649733587348100130e-04
1.267318476458100065e+02 -2.573942387324300199e-04
1.268575113519599995e+02 -2.049161974877800095e-04
1.269831750581000023e+02 4.446133130557799822e-04
1.271088387642400050e+02 4.831123734661899993e-04
1.272345024703899981e+02 -1.333585240778900052e-04
1.273601661765300008e+02 5.083408829807900081e-06
1.274858298826700036e+02 9.337349561285099991e-05
1.276114935888199966e+02 -3.586442923686499916e-04
1.277371572949599994e+02 5.416317189313300416e-04
1.278628210011000021e+02 2.183326070415999936e-04
1.279884847072499952e+02 6.020569801237200016e-05
1.281141484133900121e+02 -3.201491059267400226e-04
1.282398121195400051e+02 1.448038658830899899e-04
1.283654758256799937e+02 8.690859947223099921e-05
1.284911395318200107e+02 4.321271689654599822e-04
1.286168032379700037e+02 2.128480127966699931e-04
