-1.200000000000000000e+01 2.576600926922727880e-03
-1.198000000000000043e+01 2.637538683134362048e-03
-1.196000000000000085e+01 2.699863985179092648e-03
-1.193999999999999950e+01 2.763607853628728857e-03
-1.191999999999999993e+01 2.828801955909321028e-03
-1.190000000000000036e+01 2.895478615749031998e-03
-1.188000000000000078e+01 2.963670826600014411e-03
-1.185999999999999943e+01 3.033412259664564244e-03
-1.183999999999999986e+01 3.104737273239281236e-03
-1.182000000000000028e+01 3.177680924339674681e-03
-1.180000000000000071e+01 3.252278977378750355e-03
-1.177999999999999936e+01 3.328567914214999868e-03
-1.175999999999999979e+01 3.406584943065363476e-03
-1.174000000000000021e+01 3.486368009294352286e-03
-1.172000000000000064e+01 3.567955804128540923e-03
-1.169999999999999929e+01 3.651387772070320732e-03
-1.167999999999999972e+01 3.736704123910617424e-03
-1.166000000000000014e+01 3.823945842382697052e-03
-1.164000000000000057e+01 3.913154689795425925e-03
-1.161999999999999922e+01 4.004373222318804298e-03
-1.159999999999999964e+01 4.097644792102821815e-03
-1.158000000000000007e+01 4.193013556950452546e-03
-1.156000000000000050e+01 4.290524494875719817e-03
-1.153999999999999915e+01 4.390223401574882243e-03
-1.151999999999999957e+01 4.492156903841024347e-03
-1.150000000000000000e+01 4.596372471932563819e-03
-1.148000000000000043e+01 4.702918414640987720e-03
-1.146000000000000085e+01 4.811843897474837178e-03
-1.144000000000000128e+01 4.923198948858918678e-03
-1.141999999999999993e+01 5.037034456188521983e-03
-1.140000000000000036e+01 5.153402188656388758e-03
-1.138000000000000078e+01 5.272354792690669111e-03
-1.136000000000000121e+01 5.393945796576282183e-03
-1.133999999999999986e+01 5.518229632348150768e-03
-1.132000000000000028e+01 5.645261621614756573e-03
-1.130000000000000071e+01 5.775097991492068004e-03
-1.128000000000000114e+01 5.907795888070137801e-03
-1.125999999999999979e+01 6.043413360444054895e-03
-1.124000000000000021e+01 6.182009387427257405e-03
-1.122000000000000064e+01 6.323643872966038318e-03
-1.120000000000000107e+01 6.468377641300475378e-03
-1.117999999999999972e+01 6.616272464815680168e-03
-1.116000000000000014e+01 6.767391041424039751e-03
-1.114000000000000057e+01 6.921797009813560053e-03
-1.112000000000000099e+01 7.079554961487188533e-03
-1.109999999999999964e+01 7.240730415848235964e-03
-1.108000000000000007e+01 7.405389850568838521e-03
-1.106000000000000050e+01 7.573600682674511315e-03
-1.104000000000000092e+01 7.745431264023720092e-03
-1.101999999999999957e+01 7.920950902652877310e-03
-1.100000000000000000e+01 8.100229825448774026e-03
-1.098000000000000043e+01 8.283339198363109598e-03
-1.096000000000000085e+01 8.470351112957191439e-03
-1.094000000000000128e+01 8.661338559578681331e-03
-1.091999999999999993e+01 8.856375448461560954e-03
-1.090000000000000036e+01 9.055536560250149539e-03
-1.088000000000000078e+01 9.258897551144848817e-03
-1.086000000000000121e+01 9.466534934312912167e-03
-1.083999999999999986e+01 9.678526032850298666e-03
-1.082000000000000028e+01 9.894948990575254399e-03
-1.080000000000000071e+01 1.011588270641698359e-02
-1.078000000000000114e+01 1.034140682387973270e-02
-1.075999999999999979e+01 1.057160169603524151e-02
-1.074000000000000021e+01 1.080654832339089828e-02
-1.072000000000000064e+01 1.104632834863128986e-02
-1.070000000000000107e+01 1.129102397284413584e-02
-1.067999999999999972e+01 1.154071793717844491e-02
-1.066000000000000014e+01 1.179549346690438733e-02
-1.064000000000000057e+01 1.205543421105258715e-02
-1.062000000000000099e+01 1.232062422729400877e-02
-1.059999999999999964e+01 1.259114790070243670e-02
-1.058000000000000007e+01 1.286708994499694697e-02
-1.056000000000000050e+01 1.314853535198096633e-02
-1.054000000000000092e+01 1.343556938735116467e-02
-1.051999999999999957e+01 1.372827761181065302e-02
-1.050000000000000000e+01 1.402674588680332714e-02
-1.048000000000000043e+01 1.433106048159135670e-02
-1.046000000000000085e+01 1.464130815322992572e-02
-1.044000000000000128e+01 1.495757635207974404e-02
-1.041999999999999993e+01 1.527995345748509731e-02
-1.040000000000000036e+01 1.560852912491008521e-02
-1.038000000000000078e+01 1.594339476248567838e-02
-1.036000000000000121e+01 1.628464410172684312e-02
-1.033999999999999986e+01 1.663237397990529123e-02
-1.032000000000000028e+01 1.698668521131960207e-02
-1.030000000000000071e+01 1.734768364499315874e-02
-1.028000000000000114e+01 1.771548120023340792e-02
-1.025999999999999979e+01 1.809019673145994753e-02
-1.024000000000000021e+01 1.847195620490647838e-02
-1.022000000000000064e+01 1.886089126026835663e-02
-1.020000000000000107e+01 1.925713450577536817e-02
-1.017999999999999972e+01 1.966080852512193736e-02
-1.016000000000000014e+01 2.007200394877737409e-02
-1.014000000000000057e+01 2.049073977930749441e-02
-1.012000000000000099e+01 2.091689887928035313e-02
-1.009999999999999964e+01 2.135013675546613282e-02
-1.008000000000000007e+01 2.178978098905950955e-02
-1.006000000000000050e+01 2.223477682334976113e-02
-1.004000000000000092e+01 2.268377578994645871e-02
-1.001999999999999957e+01 2.313544733593935268e-02
-1.000000000000000000e+01 2.358894984989243562e-02
-9.980000000000000426e+00 2.404429449428069007e-02
-9.960000000000000853e+00 2.450233310456361585e-02
-9.940000000000001279e+00 2.496436840784236125e-02
-9.919999999999999929e+00 2.543170323349291939e-02
-9.900000000000000355e+00 2.590536395307402665e-02
-9.880000000000000782e+00 2.638606185004629956e-02
-9.860000000000001208e+00 2.687425056085045172e-02
-9.839999999999999858e+00 2.737022203159271763e-02
-9.820000000000000284e+00 2.787417533561093591e-02
-9.800000000000000711e+00 2.838626030236391859e-02
-9.780000000000001137e+00 2.890660184841676097e-02
-9.759999999999999787e+00 2.943531270209944276e-02
-9.740000000000000213e+00 2.997249983925021760e-02
-9.720000000000000639e+00 3.051826766925348072e-02
-9.700000000000001066e+00 3.107271960319349727e-02
-9.679999999999999716e+00 3.163595881674797355e-02
-9.660000000000000142e+00 3.220808862255217231e-02
-9.640000000000000568e+00 3.278921264886031778e-02
-9.620000000000000995e+00 3.337943492418464497e-02
-9.599999999999999645e+00 3.397885991552923590e-02
-9.580000000000000071e+00 3.458759254272101430e-02
-9.560000000000000497e+00 3.520573817963207341e-02
-9.540000000000000924e+00 3.583340266485809944e-02
-9.519999999999999574e+00 3.647069228792024220e-02
-9.500000000000000000e+00 3.711771377854698739e-02
-9.480000000000000426e+00 3.777457430721867238e-02
-9.460000000000000853e+00 3.844138147323650917e-02
-9.440000000000001279e+00 3.911824330062647209e-02
-9.419999999999999929e+00 3.980526822485044164e-02
-9.400000000000000355e+00 4.050256508839236019e-02
-9.380000000000000782e+00 4.121024312625830993e-02
-9.360000000000001208e+00 4.192841196062974118e-02
-9.339999999999999858e+00 4.265718158618495709e-02
-9.320000000000000284e+00 4.339666236216038753e-02
-9.300000000000000711e+00 4.414696499874572883e-02
-9.280000000000001137e+00 4.490820054567756098e-02
-9.259999999999999787e+00 4.568048038020594559e-02
-9.240000000000000213e+00 4.646391618961435988e-02
-9.220000000000000639e+00 4.725861996265988407e-02
-9.200000000000001066e+00 4.806470396851386662e-02
-9.179999999999999716e+00 4.888228074709353305e-02
-9.160000000000000142e+00 4.971146308548694132e-02
-9.140000000000000568e+00 5.055236400623258630e-02
-9.120000000000000995e+00 5.140509674452863748e-02
-9.099999999999999645e+00 5.226977473011142072e-02
-9.080000000000000071e+00 5.314651156795131143e-02
-9.060000000000000497e+00 5.403542101237557294e-02
-9.040000000000000924e+00 5.493661695015939622e-02
-9.019999999999999574e+00 5.585021337033103939e-02
-9.000000000000000000e+00 5.677632434622544716e-02
-8.980000000000000426e+00 5.771506400464745251e-02
-8.960000000000000853e+00 5.866654649722895937e-02
-8.940000000000001279e+00 5.963088597619630588e-02
-8.919999999999999929e+00 6.060819655934275574e-02
-8.900000000000000355e+00 6.159859230409107239e-02
-8.880000000000000782e+00 6.260218716949560169e-02
-8.860000000000001208e+00 6.361909498242591943e-02
-8.839999999999999858e+00 6.464942940483286993e-02
-8.820000000000000284e+00 6.569330389262355296e-02
-8.800000000000000711e+00 6.675083165996621715e-02
-8.780000000000001137e+00 6.782212563605277689e-02
-8.759999999999999787e+00 6.890729842481799206e-02
-8.740000000000000213e+00 7.000646226348085366e-02
-8.720000000000000639e+00 7.111972897286046591e-02
-8.700000000000001066e+00 7.224720991349821431e-02
-8.679999999999999716e+00 7.338901593755878250e-02
-8.660000000000000142e+00 7.454525733669746523e-02
-8.640000000000000568e+00 7.571604379063955059e-02
-8.620000000000000995e+00 7.690148431296478515e-02
-8.599999999999999645e+00 7.810168719901246226e-02
-8.580000000000000071e+00 7.931675996633028025e-02
-8.560000000000000497e+00 8.054680929369836817e-02
-8.540000000000000924e+00 8.179194096502920286e-02
-8.519999999999999574e+00 8.305225980687000464e-02
-8.500000000000000000e+00 8.432786962120880636e-02
-8.480000000000000426e+00 8.561887312135474382e-02
-8.460000000000000853e+00 8.692537186685399264e-02
-8.440000000000001279e+00 8.824746619164423878e-02
-8.419999999999999929e+00 8.958525513352957881e-02
-8.400000000000000355e+00 9.093883636398940318e-02
-8.380000000000000782e+00 9.230830611246099160e-02
-8.360000000000001208e+00 9.369375909179221418e-02
-8.339999999999999858e+00 9.509528842183531672e-02
-8.320000000000000284e+00 9.651298555077722496e-02
-8.300000000000000711e+00 9.794694017563539135e-02
-8.280000000000001137e+00 9.939724015858075745e-02
-8.259999999999999787e+00 1.008639714466653542e-01
-8.240000000000000213e+00 1.023472179869209381e-01
-8.220000000000000639e+00 1.038470616409014335e-01
-8.200000000000001066e+00 1.053635820991307981e-01
-8.179999999999999716e+00 1.068968567917483181e-01
-8.160000000000000142e+00 1.084469607993070739e-01
-8.140000000000000568e+00 1.100139667655787579e-01
-8.120000000000000995e+00 1.115979448067686147e-01
-8.099999999999999645e+00 1.131989624177994203e-01
-8.080000000000000071e+00 1.148170843796808560e-01
-8.060000000000000497e+00 1.164523726682663990e-01
-8.040000000000000924e+00 1.181048863601270038e-01
-8.019999999999999574e+00 1.197746815379037572e-01
-8.000000000000000000e+00 1.214618111964682612e-01
-7.979999999999999538e+00 1.231663251471812048e-01
-7.959999999999999964e+00 1.248882699227239906e-01
-7.939999999999999503e+00 1.266276886819288350e-01
-7.919999999999999929e+00 1.283846211140896032e-01
-7.899999999999999467e+00 1.301591033450646973e-01
-7.879999999999999893e+00 1.319511809050211149e-01
-7.859999999999999432e+00 1.337608433226092075e-01
-7.839999999999999858e+00 1.355881546517479497e-01
-7.819999999999999396e+00 1.374331227588787008e-01
-7.799999999999999822e+00 1.392957645401636524e-01
-7.779999999999999361e+00 1.411760927662066012e-01
-7.759999999999999787e+00 1.430741159938029305e-01
-7.739999999999999325e+00 1.449898384750205882e-01
-7.719999999999999751e+00 1.469232600703007374e-01
-7.699999999999999289e+00 1.488743761617600525e-01
-7.679999999999999716e+00 1.508431775667268826e-01
-7.659999999999999254e+00 1.528296504555529955e-01
-7.639999999999999680e+00 1.548337762724235900e-01
-7.619999999999999218e+00 1.568555316549956058e-01
-7.599999999999999645e+00 1.588948883566490000e-01
-7.579999999999999183e+00 1.609518131728866486e-01
-7.559999999999999609e+00 1.630262678697488588e-01
-7.539999999999999147e+00 1.651182091152411657e-01
-7.519999999999999574e+00 1.672275884131631252e-01
-7.500000000000000000e+00 1.693543520398539115e-01
-7.479999999999999538e+00 1.714984409858346659e-01
-7.459999999999999964e+00 1.736597908977107474e-01
-7.439999999999999503e+00 1.758383320286732165e-01
-7.419999999999999929e+00 1.780339891846162981e-01
-7.399999999999999467e+00 1.802466816849891962e-01
-7.379999999999999893e+00 1.824763233174903354e-01
-7.359999999999999432e+00 1.847228223030558669e-01
-7.339999999999999858e+00 1.869860812646977066e-01
-7.319999999999999396e+00 1.892659971977061206e-01
-7.299999999999999822e+00 1.915624614467696940e-01
-7.279999999999999361e+00 1.938753596871323481e-01
-7.259999999999999787e+00 1.962045719082008144e-01
-7.239999999999999325e+00 1.985499724063846949e-01
-7.219999999999999751e+00 2.009114297801122273e-01
-7.199999999999999289e+00 2.032888069290048061e-01
-7.179999999999999716e+00 2.056819610621475336e-01
-7.159999999999999254e+00 2.080907437105534996e-01
-7.139999999999999680e+00 2.105150007379568422e-01
-7.119999999999999218e+00 2.129545723655107969e-01
-7.099999999999999645e+00 2.154092931976605285e-01
-7.079999999999999183e+00 2.178789922504677790e-01
-7.059999999999999609e+00 2.203634929906026774e-01
-7.039999999999999147e+00 2.228626133744025239e-01
-7.019999999999999574e+00 2.253761658916810795e-01
-7.000000000000000000e+00 2.279039576183837235e-01
-6.979999999999999538e+00 2.304457902712940820e-01
-6.959999999999999964e+00 2.330014602648057542e-01
-6.939999999999999503e+00 2.355707587751647569e-01
-6.919999999999999929e+00 2.381534718055614286e-01
-6.899999999999999467e+00 2.407493802572408803e-01
-6.879999999999999893e+00 2.433582600019000564e-01
-6.859999999999999432e+00 2.459798819572739659e-01
-6.839999999999999858e+00 2.486140121678529769e-01
-6.819999999999999396e+00 2.512604118846897272e-01
-6.799999999999999822e+00 2.539188376490967847e-01
-6.779999999999999361e+00 2.565890413808059600e-01
-6.759999999999999787e+00 2.592707704634123478e-01
-6.739999999999999325e+00 2.619637678312328744e-01
-6.719999999999999751e+00 2.646677720637670705e-01
-6.699999999999999289e+00 2.673825174759076884e-01
-6.679999999999999716e+00 2.701077342130234760e-01
-6.659999999999999254e+00 2.728431483485176945e-01
-6.639999999999999680e+00 2.755884819810096031e-01
-6.619999999999999218e+00 2.783434533383087883e-01
-6.599999999999999645e+00 2.811077768844733593e-01
-6.579999999999999183e+00 2.838811634298095132e-01
-6.559999999999999609e+00 2.866633202522005375e-01
-6.539999999999999147e+00 2.894539512273819337e-01
-6.519999999999999574e+00 2.922527569675842929e-01
-6.500000000000000000e+00 2.950594349806585637e-01
-6.479999999999999538e+00 2.978736798427862875e-01
-6.459999999999999964e+00 3.006951833908611538e-01
-6.439999999999999503e+00 3.035236349507166032e-01
-6.419999999999999929e+00 3.063587215827225929e-01
-6.399999999999999467e+00 3.092001283805356771e-01
-6.379999999999999893e+00 3.120475387966386016e-01
-6.359999999999999432e+00 3.149006350274493604e-01
-6.339999999999999858e+00 3.177590984571971866e-01
-6.319999999999999396e+00 3.206226101566053699e-01
-6.299999999999999822e+00 3.234908514629813991e-01
-6.279999999999999361e+00 3.263635046301240350e-01
-6.259999999999999787e+00 3.292403852724412050e-01
-6.239999999999999325e+00 3.321207846843322042e-01
-6.219999999999999751e+00 3.350047877889274495e-01
-6.199999999999999289e+00 3.378919571351189921e-01
-6.179999999999999716e+00 3.407819925309408804e-01
-6.159999999999999254e+00 3.436746005561142070e-01
-6.139999999999999680e+00 3.465697695234853937e-01
-6.119999999999999218e+00 3.494666808598938523e-01
-6.099999999999999645e+00 3.523653377903066541e-01
-6.079999999999999183e+00 3.552654983015773316e-01
-6.059999999999999609e+00 3.581669053258195179e-01
-6.039999999999999147e+00 3.610693416042235482e-01
-6.019999999999999574e+00 3.639726050088512022e-01
-6.000000000000000000e+00 3.668764998656534049e-01
-5.979999999999999538e+00 3.697808638112775603e-01
-5.959999999999999964e+00 3.726854707683148749e-01
-5.939999999999999503e+00 3.755903320082610297e-01
-5.919999999999999929e+00 3.784952625996860220e-01
-5.899999999999999467e+00 3.814002423624768268e-01
-5.879999999999999893e+00 3.843050353593652213e-01
-5.859999999999999432e+00 3.872097010516072912e-01
-5.839999999999999858e+00 3.901141709258200696e-01
-5.819999999999999396e+00 3.930184322166069832e-01
-5.799999999999999822e+00 3.959224075713022040e-01
-5.779999999999999361e+00 3.988260856135209531e-01
-5.759999999999999787e+00 4.017294330826972071e-01
-5.739999999999999325e+00 4.046323255161936583e-01
-5.719999999999999751e+00 4.075348244609316994e-01
-5.699999999999999289e+00 4.104367515062008476e-01
-5.679999999999999716e+00 4.133379607962289204e-01
-5.659999999999999254e+00 4.162382556788361554e-01
-5.639999999999999680e+00 4.191372984725048045e-01
-5.619999999999999218e+00 4.220349091375585338e-01
-5.599999999999999645e+00 4.249306102687846476e-01
-5.579999999999999183e+00 4.278239235186426792e-01
-5.559999999999999609e+00 4.307142738498514478e-01
-5.539999999999999147e+00 4.336009897483016906e-01
-5.519999999999999574e+00 4.364833704498312650e-01
-5.500000000000000000e+00 4.393606070369200367e-01
-5.479999999999999538e+00 4.422318223511452762e-01
-5.459999999999999964e+00 4.450961685287232461e-01
-5.439999999999999503e+00 4.479525568261477630e-01
-5.419999999999999929e+00 4.508002512375769433e-01
-5.399999999999999467e+00 4.536383520473236675e-01
-5.379999999999999893e+00 4.564660991601789952e-01
-5.359999999999999432e+00 4.592828739587981324e-01
-5.339999999999999858e+00 4.620882713483325799e-01
-5.319999999999999396e+00 4.648820611139149461e-01
-5.299999999999999822e+00 4.676643134321031292e-01
-5.279999999999999361e+00 4.704353775264796811e-01
-5.259999999999999787e+00 4.731959131744915559e-01
-5.239999999999999325e+00 4.759468724715982813e-01
-5.219999999999999751e+00 4.786894809105209925e-01
-5.199999999999999289e+00 4.814251597489887513e-01
-5.179999999999999716e+00 4.841554261105145973e-01
-5.159999999999999254e+00 4.868816784951892074e-01
-5.139999999999999680e+00 4.896047796610843439e-01
-5.119999999999999218e+00 4.923243584360133540e-01
-5.099999999999999645e+00 4.950373515845923889e-01
-5.079999999999999183e+00 4.977354294444059635e-01
-5.059999999999999609e+00 5.004008178106977844e-01
-5.039999999999999147e+00 5.030012893850674960e-01
-5.019999999999999574e+00 5.054881175475701705e-01
-5.000000000000000000e+00 5.078052702478691449e-01
-4.979999999999999538e+00 5.099150982170230773e-01
-4.959999999999999964e+00 5.118238329262337905e-01
-4.939999999999999503e+00 5.135753723523540648e-01
-4.919999999999999929e+00 5.152207680155230785e-01
-4.899999999999999467e+00 5.167979393243194997e-01
-4.879999999999999893e+00 5.183295576140251049e-01
-4.859999999999999432e+00 5.198278174135815277e-01
-4.839999999999999858e+00 5.212989725764995974e-01
-4.819999999999999396e+00 5.227461929955956599e-01
-4.799999999999999822e+00 5.241711039351606427e-01
-4.779999999999999361e+00 5.255745795471205017e-01
-4.759999999999999787e+00 5.269571250860657363e-01
-4.739999999999999325e+00 5.283190811447644464e-01
-4.719999999999999751e+00 5.296607117180612834e-01
-4.699999999999999289e+00 5.309822268744758267e-01
-4.679999999999999716e+00 5.322838476218724191e-01
-4.659999999999999254e+00 5.335657838629881411e-01
-4.639999999999999680e+00 5.348282470965399771e-01
-4.619999999999999218e+00 5.360714542381773695e-01
-4.599999999999999645e+00 5.372956270759469133e-01
-4.579999999999999183e+00 5.385009891473393484e-01
-4.559999999999999609e+00 5.396878032600139763e-01
-4.539999999999999147e+00 5.408562303329261800e-01
-4.519999999999999574e+00 5.420065797273999619e-01
-4.500000000000000000e+00 5.431390674734102308e-01
-4.479999999999999538e+00 5.442539625227635902e-01
-4.459999999999999964e+00 5.453515160157595965e-01
-4.439999999999999503e+00 5.464320125878036061e-01
-4.419999999999999929e+00 5.474956795608815208e-01
-4.399999999999999467e+00 5.485427960611229947e-01
-4.379999999999999893e+00 5.495736332254290701e-01
-4.359999999999999432e+00 5.505884696279388368e-01
-4.339999999999999858e+00 5.515875710054696235e-01
-4.319999999999999396e+00 5.525712018614707954e-01
-4.299999999999999822e+00 5.535396435855551855e-01
-4.279999999999999361e+00 5.544931699752547738e-01
-4.259999999999999787e+00 5.554320864847637207e-01
-4.239999999999999325e+00 5.563566210643713372e-01
-4.219999999999999751e+00 5.572670677556363916e-01
-4.199999999999999289e+00 5.581637150507433587e-01
-4.179999999999999716e+00 5.590468126513276070e-01
-4.159999999999999254e+00 5.599166469844206739e-01
-4.139999999999999680e+00 5.607734781193403073e-01
-4.119999999999999218e+00 5.616175708823571977e-01
-4.099999999999999645e+00 5.624491945052288999e-01
-4.079999999999999183e+00 5.632685961979949640e-01
-4.059999999999999609e+00 5.640760388202160636e-01
-4.039999999999999147e+00 5.648717764918304018e-01
-4.019999999999999574e+00 5.656560455808720134e-01
-3.999999999999999556e+00 5.664290898630901516e-01
-3.980000000000000426e+00 5.671911464877554820e-01
-3.960000000000000409e+00 5.679424437444779983e-01
-3.940000000000000391e+00 5.686832045501541977e-01
-3.920000000000000373e+00 5.694136532852955845e-01
-3.900000000000000355e+00 5.701339950636586940e-01
-3.880000000000000338e+00 5.708444249707984586e-01
-3.860000000000000320e+00 5.715451410832477208e-01
-3.840000000000000302e+00 5.722363415356502836e-01
-3.820000000000000284e+00 5.729182072516096902e-01
-3.800000000000000266e+00 5.735908980108616051e-01
-3.780000000000000249e+00 5.742545652851001048e-01
-3.760000000000000231e+00 5.749093766274745443e-01
-3.740000000000000213e+00 5.755554714916942816e-01
-3.720000000000000639e+00 5.761929893546703374e-01
-3.700000000000000178e+00 5.768220424260646073e-01
-3.680000000000000604e+00 5.774427431278416067e-01
-3.660000000000000586e+00 5.780552107402773254e-01
-3.640000000000000568e+00 5.786595089009282100e-01
-3.620000000000000551e+00 5.792557373939879461e-01
-3.600000000000000533e+00 5.798439611694010676e-01
-3.580000000000000515e+00 5.804242434519437666e-01
-3.560000000000000497e+00 5.809966180973494820e-01
-3.540000000000000480e+00 5.815611157377874596e-01
-3.520000000000000462e+00 5.821177666559107511e-01
-3.500000000000000444e+00 5.826665894371726440e-01
-3.480000000000000426e+00 5.832075750264387182e-01
-3.460000000000000409e+00 5.837406964856719505e-01
-3.440000000000000391e+00 5.842659323902331669e-01
-3.420000000000000373e+00 5.847832544953661671e-01
-3.400000000000000355e+00 5.852926144925396645e-01
-3.380000000000000338e+00 5.857939364642125168e-01
-3.360000000000000320e+00 5.862871446096263872e-01
-3.340000000000000302e+00 5.867721591320942398e-01
-3.320000000000000284e+00 5.872488836279851077e-01
-3.300000000000000266e+00 5.877172114653068657e-01
-3.280000000000000249e+00 5.881770150985268231e-01
-3.260000000000000231e+00 5.886281566074165195e-01
-3.240000000000000213e+00 5.890705167791417951e-01
-3.220000000000000639e+00 5.895039286847538751e-01
-3.200000000000000178e+00 5.899282316887118904e-01
-3.180000000000000604e+00 5.903432610538283942e-01
-3.160000000000000586e+00 5.907488393951602079e-01
-3.140000000000000568e+00 5.911447796758586559e-01
-3.120000000000000551e+00 5.915308940916401692e-01
-3.100000000000000533e+00 5.919069804327077300e-01
-3.080000000000000515e+00 5.922728331718378758e-01
-3.060000000000000497e+00 5.926282532751372401e-01
-3.040000000000000480e+00 5.929730302599722780e-01
-3.020000000000000462e+00 5.933069409545926876e-01
-3.000000000000000444e+00 5.936297771918032096e-01
-2.980000000000000426e+00 5.939413285005197274e-01
-2.960000000000000409e+00 5.942413829984933837e-01
-2.940000000000000391e+00 5.945297200853637554e-01
-2.920000000000000373e+00 5.948061400159276868e-01
-2.900000000000000355e+00 5.950704462713326537e-01
-2.880000000000000338e+00 5.953224383953059640e-01
-2.860000000000000320e+00 5.955619257559959800e-01
-2.840000000000000302e+00 5.957887440623549358e-01
-2.820000000000000284e+00 5.960027193650734301e-01
-2.800000000000000266e+00 5.962036996797630550e-01
-2.780000000000000249e+00 5.963915510190187508e-01
-2.760000000000000231e+00 5.965661507582042944e-01
-2.740000000000000213e+00 5.967273926262709471e-01
-2.720000000000000639e+00 5.968751952089615953e-01
-2.700000000000000178e+00 5.970094989575011057e-01
-2.680000000000000604e+00 5.971302603717589808e-01
-2.660000000000000586e+00 5.972374679716569990e-01
-2.640000000000000568e+00 5.973311309080671094e-01
-2.620000000000000551e+00 5.974112900061759879e-01
-2.600000000000000533e+00 5.974780186229933232e-01
-2.580000000000000515e+00 5.975314152888424601e-01
-2.560000000000000497e+00 5.975716136176875137e-01
-2.540000000000000480e+00 5.975987811062059007e-01
-2.520000000000000462e+00 5.976131210526033355e-01
-2.500000000000000444e+00 5.976148724248809829e-01
-2.480000000000000426e+00 5.976043108847776120e-01
-2.460000000000000409e+00 5.975817512309922197e-01
-2.440000000000000391e+00 5.975475461750773265e-01
-2.420000000000000373e+00 5.975020885038883067e-01
-2.400000000000000355e+00 5.974458086703540172e-01
-2.380000000000000338e+00 5.973791813663718031e-01
-2.360000000000000320e+00 5.973027123780402237e-01
-2.340000000000000302e+00 5.972169560059490401e-01
-2.320000000000000284e+00 5.971224954022880116e-01
-2.300000000000000266e+00 5.970199578510423377e-01
-2.280000000000000249e+00 5.969100046369243406e-01
-2.260000000000000231e+00 5.967933296534519982e-01
-2.240000000000000213e+00 5.966706602095535050e-01
-2.220000000000000639e+00 5.965427533715530473e-01
-2.200000000000000178e+00 5.964103937815132817e-01
-2.180000000000000604e+00 5.962743885453269943e-01
-2.160000000000000586e+00 5.961355689474016062e-01
-2.140000000000000568e+00 5.959947778093516169e-01
-2.120000000000000551e+00 5.958528753645750964e-01
-2.100000000000000533e+00 5.957107266002477086e-01
-2.080000000000000515e+00 5.955691991529411533e-01
-2.060000000000000497e+00 5.954291583813043909e-01
-2.040000000000000480e+00 5.952914588545034080e-01
-2.020000000000000462e+00 5.951569406575270005e-01
-2.000000000000000444e+00 5.950264206144499912e-01
-1.980000000000000426e+00 5.949006854928196031e-01
-1.960000000000000409e+00 5.947804841422866806e-01
-1.940000000000000391e+00 5.946665211869567313e-01
-1.920000000000000373e+00 5.945594352264959026e-01
-1.900000000000000355e+00 5.944598186356662151e-01
-1.880000000000000338e+00 5.943681766152916213e-01
-1.860000000000000320e+00 5.942849375842280679e-01
-1.840000000000000302e+00 5.942104319586879457e-01
-1.820000000000000506e+00 5.941448923057413012e-01
-1.800000000000000488e+00 5.940884311382792493e-01
-1.780000000000000471e+00 5.940410383040547471e-01
-1.760000000000000453e+00 5.940025700186699620e-01
-1.740000000000000435e+00 5.939727311918967523e-01
-1.720000000000000417e+00 5.939510703785341184e-01
-1.700000000000000400e+00 5.939369673453991361e-01
-1.680000000000000382e+00 5.939296211325936214e-01
-1.660000000000000364e+00 5.939280393143365755e-01
-1.640000000000000346e+00 5.939310287968820878e-01
-1.620000000000000551e+00 5.939371849540958648e-01
-1.600000000000000533e+00 5.939448800545488183e-01
-1.580000000000000515e+00 5.939522563316194104e-01
-1.560000000000000497e+00 5.939572181595904610e-01
-1.540000000000000480e+00 5.939574181668429986e-01
-1.520000000000000462e+00 5.939502592311796114e-01
-1.500000000000000444e+00 5.939328808671712201e-01
-1.480000000000000426e+00 5.939021573479545957e-01
-1.460000000000000409e+00 5.938546925777237195e-01
-1.440000000000000391e+00 5.937868225237633579e-01
-1.420000000000000373e+00 5.936946044270440259e-01
-1.400000000000000355e+00 5.935738274070769815e-01
-1.380000000000000338e+00 5.934200094923145485e-01
-1.360000000000000320e+00 5.932284029900071198e-01
-1.340000000000000302e+00 5.929940031053679839e-01
-1.320000000000000506e+00 5.927115530498994200e-01
-1.300000000000000488e+00 5.923755588653227822e-01
-1.280000000000000471e+00 5.919803011484576771e-01
-1.260000000000000453e+00 5.915198514631623272e-01
-1.240000000000000435e+00 5.909880921074366356e-01
-1.220000000000000417e+00 5.903787340328148225e-01
-1.200000000000000400e+00 5.896853592416799739e-01
-1.180000000000000382e+00 5.889014133829536535e-01
-1.160000000000000364e+00 5.880202831189805801e-01
-1.140000000000000346e+00 5.870352848582999217e-01
-1.120000000000000551e+00 5.859397375349901793e-01
-1.100000000000000533e+00 5.847269785030334566e-01
-1.080000000000000515e+00 5.833904230875448516e-01
-1.060000000000000497e+00 5.819235916372335060e-01
-1.040000000000000480e+00 5.803201698251825302e-01
-1.020000000000000462e+00 5.785740500176242973e-01
-1.000000000000000444e+00 5.766793727933506863e-01
-9.800000000000004263e-01 5.746305796474437955e-01
-9.600000000000004086e-01 5.724224665860715433e-01
-9.400000000000003908e-01 5.700501902644841135e-01
-9.200000000000003730e-01 5.675093390719171405e-01
-9.000000000000004663e-01 5.647959591361007003e-01
-8.800000000000004485e-01 5.619065305859201054e-01
-8.600000000000004308e-01 5.588380295076389448e-01
-8.400000000000004130e-01 5.555878802401017502e-01
-8.200000000000003952e-01 5.521539406342285128e-01
-8.000000000000004885e-01 5.485344499849827971e-01
-7.800000000000004707e-01 5.447279485406307797e-01
-7.600000000000004530e-01 5.407331743266311497e-01
-7.400000000000004352e-01 5.365489131872338557e-01
-7.200000000000004174e-01 5.321738167033787104e-01
-7.000000000000003997e-01 5.276061714521517176e-01
-6.800000000000003819e-01 5.228436204902632278e-01
-6.600000000000003642e-01 5.178828287605161673e-01
-6.400000000000003464e-01 5.127190722187319194e-01
-6.200000000000004396e-01 5.073458263930705758e-01
-6.000000000000004219e-01 5.017542047570143771e-01
-5.800000000000004041e-01 4.959324089032962068e-01
-5.600000000000004974e-01 4.898650915887075574e-01
-5.400000000000004796e-01 4.835326836508012094e-01
-5.200000000000004619e-01 4.769106861708695133e-01
-5.000000000000004441e-01 4.699689612484748702e-01
-4.800000000000004263e-01 4.626710484662335254e-01
-4.600000000000004086e-01 4.549735400232490790e-01
-4.400000000000004463e-01 4.468256439755554643e-01
-4.200000000000004285e-01 4.381687928651620267e-01
-4.000000000000004108e-01 4.289367345396238318e-01
-3.800000000000004485e-01 4.190558246863647640e-01
-3.600000000000004308e-01 4.084458524602289642e-01
-3.400000000000004130e-01 3.970213770486200056e-01
-3.200000000000003952e-01 3.846936680383009066e-01
-3.000000000000004330e-01 3.713732747027722048e-01
-2.800000000000004152e-01 3.569732907254185572e-01
-2.600000000000004530e-01 3.414132766593272472e-01
-2.400000000000004352e-01 3.246243066434229552e-01
-2.200000000000004174e-01 3.065556616557540415e-01
-2.000000000000003997e-01 2.871849007262107234e-01
-1.800000000000004374e-01 2.665342127967611496e-01
-1.600000000000004197e-01 2.446978326832296435e-01
-1.400000000000004019e-01 2.218861268694682087e-01
-1.200000000000004396e-01 1.984909847259958837e-01
-1.000000000000004219e-01 1.751694328552416968e-01
-8.000000000000040412e-02 1.529255764996936551e-01
-6.000000000000044187e-02 1.331475094553397909e-01
-4.000000000000042411e-02 1.175355404328451009e-01
-2.000000000000040634e-02 1.078707611720280818e-01
-4.440892098500626162e-16 1.056353251349470279e-01
1.999999999999957367e-02 1.115964959482303315e-01
3.999999999999957756e-02 1.255344388458355387e-01
5.999999999999957451e-02 1.462574109672263034e-01
7.999999999999957145e-02 1.719079268387423420e-01
9.999999999999957534e-02 2.004180420727098011e-01
1.199999999999995792e-01 2.299242747405361165e-01
1.399999999999995692e-01 2.590159552896982298e-01
1.599999999999995870e-01 2.867977554822679909e-01
1.799999999999995770e-01 3.128207180676366161e-01
1.999999999999995670e-01 3.369563371959854448e-01
2.199999999999995848e-01 3.592696536979632094e-01
2.399999999999995748e-01 3.799195130305653700e-01
2.599999999999995648e-01 3.990926102655624752e-01
2.799999999999995826e-01 4.169663543997412791e-01
2.999999999999996003e-01 4.336921193221748849e-01
3.199999999999995626e-01 4.493910123177052296e-01
3.399999999999995803e-01 4.641563506736484657e-01
3.599999999999995981e-01 4.780588855414921179e-01
3.799999999999995604e-01 4.911526910351114439e-01
3.999999999999995781e-01 5.034804786053005410e-01
4.199999999999995959e-01 5.150779250839286894e-01
4.399999999999995581e-01 5.259768844035965785e-01
4.599999999999995759e-01 5.362075936967239942e-01
4.799999999999995937e-01 5.458000109523410970e-01
4.999999999999995559e-01 5.547845809519411642e-01
5.199999999999995737e-01 5.631924255131822710e-01
5.399999999999995914e-01 5.710553085529167516e-01
5.599999999999996092e-01 5.784053490088690852e-01
5.799999999999996270e-01 5.852746517443230267e-01
5.999999999999995337e-01 5.916949169256838781e-01
6.199999999999995515e-01 5.976970205198286479e-01
6.399999999999995692e-01 6.033106812137962738e-01
6.599999999999995870e-01 6.085641343854877316e-01
6.799999999999996048e-01 6.134839343042440829e-01
6.999999999999995115e-01 6.180947214548455637e-01
7.199999999999995293e-01 6.224191695191158002e-01
7.399999999999995470e-01 6.264779122500722108e-01
7.599999999999995648e-01 6.302895319970256427e-01
7.799999999999995826e-01 6.338706178653022993e-01
7.999999999999996003e-01 6.372358160742653821e-01
8.199999999999996181e-01 6.403979529686255612e-01
8.399999999999996358e-01 6.433681438787676177e-01
8.599999999999996536e-01 6.461559293474793408e-01
8.799999999999995604e-01 6.487694339346465888e-01
8.999999999999995781e-01 6.512154989599439059e-01
9.199999999999995959e-01 6.534998512913575697e-01
9.399999999999995026e-01 6.556272407495314924e-01
9.599999999999995204e-01 6.576015942885883314e-01
9.799999999999995381e-01 6.594261570492631064e-01
9.999999999999995559e-01 6.611036100444233066e-01
1.019999999999999574e+00 6.626362113815162935e-01
1.039999999999999591e+00 6.640258913185633771e-01
1.059999999999999609e+00 6.652743660995760200e-01
1.079999999999999627e+00 6.663832231698434416e-01
1.099999999999999645e+00 6.673539972568860446e-01
1.119999999999999662e+00 6.681882403514430857e-01
1.139999999999999680e+00 6.688875932171334249e-01
1.159999999999999698e+00 6.694538125661381178e-01
1.179999999999999494e+00 6.698888382075952608e-01
1.199999999999999512e+00 6.701947803425855055e-01
1.219999999999999529e+00 6.703739963302415283e-01
1.239999999999999547e+00 6.704290523624176767e-01
1.259999999999999565e+00 6.703627738740562947e-01
1.279999999999999583e+00 6.701782166500683813e-01
1.299999999999999600e+00 6.698849368163115603e-01
1.319999999999999618e+00 6.694676979502034442e-01
1.339999999999999636e+00 6.689490131766875347e-01
1.359999999999999654e+00 6.683265736818496672e-01
1.379999999999999449e+00 6.676045140186562810e-01
1.399999999999999467e+00 6.667871255224291360e-01
1.419999999999999485e+00 6.658788490938747362e-01
1.439999999999999503e+00 6.648842281379377939e-01
1.459999999999999520e+00 6.638079064985042965e-01
1.479999999999999538e+00 6.626545989911788448e-01
1.499999999999999556e+00 6.614290501792101651e-01
1.519999999999999574e+00 6.601360362532658899e-01
1.539999999999999591e+00 6.587803182853020356e-01
1.559999999999999609e+00 6.573666345660740262e-01
1.579999999999999627e+00 6.558996709674433934e-01
1.599999999999999645e+00 6.543840432206012858e-01
1.619999999999999662e+00 6.528242752014807859e-01
1.639999999999999680e+00 6.512247852224132272e-01
1.659999999999999698e+00 6.495898662125868528e-01
1.679999999999999494e+00 6.479237892738990423e-01
1.699999999999999512e+00 6.462302057089196472e-01
1.719999999999999529e+00 6.445133050813762754e-01
1.739999999999999547e+00 6.427766353592943016e-01
1.759999999999999565e+00 6.410236799954148745e-01
1.779999999999999583e+00 6.392577354037228821e-01
1.799999999999999600e+00 6.374818986397470244e-01
1.819999999999999618e+00 6.356990756783562624e-01
1.839999999999999636e+00 6.339119699530935126e-01
1.859999999999999654e+00 6.321230825459016600e-01
1.879999999999999449e+00 6.303347144287653192e-01
1.899999999999999467e+00 6.285489670784207838e-01
1.919999999999999485e+00 6.267677458531120127e-01
1.939999999999999503e+00 6.249927584982313267e-01
1.959999999999999520e+00 6.232255280951622955e-01
1.979999999999999538e+00 6.214673916422438493e-01
1.999999999999999556e+00 6.197195055993570678e-01
2.019999999999999574e+00 6.179829343656899621e-01
2.039999999999999591e+00 6.162582807409276997e-01
2.059999999999999609e+00 6.145464305364422009e-01
2.079999999999999627e+00 6.128478297528784369e-01
2.099999999999999645e+00 6.111628596954853387e-01
2.119999999999999662e+00 6.094917714268562881e-01
2.139999999999999680e+00 6.078346914138486046e-01
2.159999999999999698e+00 6.061916388781571907e-01
2.179999999999999716e+00 6.045625273927422993e-01
2.199999999999999734e+00 6.029471803113288786e-01
2.219999999999999751e+00 6.013453356554030460e-01
2.239999999999999769e+00 5.997566587226346169e-01
2.259999999999999787e+00 5.981807495079001225e-01
2.279999999999999361e+00 5.966171515299883987e-01
2.299999999999999822e+00 5.950653638297115355e-01
2.319999999999999396e+00 5.935248416238479985e-01
2.339999999999999414e+00 5.919950190769114329e-01
2.359999999999999432e+00 5.904752981015640723e-01
2.379999999999999449e+00 5.889650755088972067e-01
2.399999999999999467e+00 5.874637363591137529e-01
2.419999999999999485e+00 5.859706581133454772e-01
2.439999999999999503e+00 5.844852402488206478e-01
2.459999999999999520e+00 5.830068846500173763e-01
2.479999999999999538e+00 5.815349994813773238e-01
2.499999999999999556e+00 5.800690402571805349e-01
2.519999999999999574e+00 5.786084684670952383e-01
2.539999999999999591e+00 5.771527891000337585e-01
2.559999999999999609e+00 5.757015369228191126e-01
2.579999999999999627e+00 5.742542835769105514e-01
2.599999999999999645e+00 5.728106463710481711e-01
2.619999999999999662e+00 5.713702848697492787e-01
2.639999999999999680e+00 5.699329020258022682e-01
2.659999999999999698e+00 5.684982489985497267e-01
2.679999999999999716e+00 5.670661308103449594e-01
2.699999999999999734e+00 5.656363941207893653e-01
2.719999999999999751e+00 5.642089340025662203e-01
2.739999999999999769e+00 5.627837115556186820e-01
2.759999999999999787e+00 5.613607201616235276e-01
2.779999999999999361e+00 5.599400067368819345e-01
2.799999999999999822e+00 5.585216771636235533e-01
2.819999999999999396e+00 5.571058764609934100e-01
2.839999999999999414e+00 5.556927913042453149e-01
2.859999999999999432e+00 5.542826653399542947e-01
2.879999999999999449e+00 5.528757882746752061e-01
2.899999999999999467e+00 5.514724712757782532e-01
2.919999999999999485e+00 5.500730801015130123e-01
2.939999999999999503e+00 5.486780309807055556e-01
2.959999999999999520e+00 5.472877516660996644e-01
2.979999999999999538e+00 5.459027073665254637e-01
2.999999999999999556e+00 5.445234106854207612e-01
3.019999999999999574e+00 5.431503978565344060e-01
3.039999999999999591e+00 5.417842162813729656e-01
3.059999999999999609e+00 5.404254430868647985e-01
3.079999999999999627e+00 5.390746940278579036e-01
3.099999999999999645e+00 5.377325872502641824e-01
3.119999999999999662e+00 5.363997533685803676e-01
3.139999999999999680e+00 5.350768425774005133e-01
3.159999999999999698e+00 5.337645253834516490e-01
3.179999999999999716e+00 5.324634675465335087e-01
3.199999999999999734e+00 5.311743469291536623e-01
3.219999999999999751e+00 5.298978414435631112e-01
3.239999999999999769e+00 5.286346320247113928e-01
3.259999999999999787e+00 5.273854009002085785e-01
3.279999999999999361e+00 5.261508450001668447e-01
3.299999999999999822e+00 5.249316151415469589e-01
3.319999999999999396e+00 5.237283739242195590e-01
3.339999999999999414e+00 5.225418002903338133e-01
3.359999999999999432e+00 5.213725465028251627e-01
3.379999999999999449e+00 5.202212325788655445e-01
3.399999999999999467e+00 5.190884807115432320e-01
3.419999999999999485e+00 5.179749010838800016e-01
3.439999999999999503e+00 5.168810950127993298e-01
3.459999999999999520e+00 5.158076347721970434e-01
3.479999999999999538e+00 5.147550667594060769e-01
3.499999999999999556e+00 5.137239117578386027e-01
3.519999999999999574e+00 5.127147013132199449e-01
3.539999999999999591e+00 5.117279356481332364e-01
3.559999999999999609e+00 5.107640637930328520e-01
3.579999999999999627e+00 5.098235259987331514e-01
3.599999999999999645e+00 5.089067490727658960e-01
3.619999999999999662e+00 5.080141331403982274e-01
3.639999999999999680e+00 5.071460470407563870e-01
3.659999999999999698e+00 5.063028213585409887e-01
3.679999999999999716e+00 5.054847807300070217e-01
3.699999999999999734e+00 5.046922195074258211e-01
3.719999999999999751e+00 5.039253881639217392e-01
3.739999999999999769e+00 5.031845255761513425e-01
3.759999999999999787e+00 5.024698569900138967e-01
3.779999999999999361e+00 5.017815592253017654e-01
3.799999999999999822e+00 5.011197774098771207e-01
3.819999999999999396e+00 5.004846517018158858e-01
3.839999999999999414e+00 4.998762720849477814e-01
3.859999999999999432e+00 4.992947251381651963e-01
3.879999999999999449e+00 4.987400646420221406e-01
3.899999999999999467e+00 4.982123037040726010e-01
3.919999999999999485e+00 4.977114397116217392e-01
3.939999999999999503e+00 4.972374518400464183e-01
3.959999999999999520e+00 4.967902897473719936e-01
3.979999999999999538e+00 4.963698766740350932e-01
3.999999999999999556e+00 4.959761126323353753e-01
4.019999999999999574e+00 4.956088589058628702e-01
4.039999999999999147e+00 4.952679879212315561e-01
4.059999999999999609e+00 4.949533147943019906e-01
4.079999999999999183e+00 4.946646719511149093e-01
4.099999999999999645e+00 4.944018287169069104e-01
4.119999999999999218e+00 4.941645453198659221e-01
4.139999999999999680e+00 4.939525879381962414e-01
4.159999999999999254e+00 4.937656705724526307e-01
4.179999999999999716e+00 4.936034937299935144e-01
4.199999999999999289e+00 4.934657624647372232e-01
4.219999999999999751e+00 4.933521328940207451e-01
4.239999999999999325e+00 4.932622789400047947e-01
4.259999999999999787e+00 4.931958284890312072e-01
4.279999999999999361e+00 4.931523788820527665e-01
4.299999999999999822e+00 4.931315721277090280e-01
4.319999999999999396e+00 4.931329911920769860e-01
4.339999999999999858e+00 4.931562051203318142e-01
4.359999999999999432e+00 4.932007693744777654e-01
4.379999999999999893e+00 4.932662397600372506e-01
4.399999999999999467e+00 4.933521583797580434e-01
4.419999999999999929e+00 4.934580560400469995e-01
4.439999999999999503e+00 4.935834450586975009e-01
4.459999999999999964e+00 4.937279085862358863e-01
4.479999999999999538e+00 4.938906790489561160e-01
4.500000000000000000e+00 4.940715318376734944e-01
4.519999999999999574e+00 4.942698327013713144e-01
4.539999999999999147e+00 4.944850313655422269e-01
4.559999999999999609e+00 4.947165991292892806e-01
4.579999999999999183e+00 4.949639933387658397e-01
4.599999999999999645e+00 4.952266605525848520e-01
4.619999999999999218e+00 4.955040497378197517e-01
4.639999999999999680e+00 4.957955903473213466e-01
4.659999999999999254e+00 4.961007087509698432e-01
4.679999999999999716e+00 4.964188136686802921e-01
4.699999999999999289e+00 4.967493369369064826e-01
4.719999999999999751e+00 4.970916827638330870e-01
4.739999999999999325e+00 4.974452275237936649e-01
4.759999999999999787e+00 4.978093538233324122e-01
4.779999999999999361e+00 4.981834007092222349e-01
4.799999999999999822e+00 4.985665817329392735e-01
4.819999999999999396e+00 4.989580184502667715e-01
4.839999999999999858e+00 4.993564476284670373e-01
4.859999999999999432e+00 4.997599353604038619e-01
4.879999999999999893e+00 5.001651462291329953e-01
4.899999999999999467e+00 5.005659765752156209e-01
4.919999999999999929e+00 5.009509443147631691e-01
4.939999999999999503e+00 5.012989080997921620e-01
4.959999999999999964e+00 5.015736652361979520e-01
4.979999999999999538e+00 5.017218993281782335e-01
5.000000000000000000e+00 5.016859959718621420e-01
5.019999999999999574e+00 5.014353432703064772e-01
5.039999999999999147e+00 5.009981367287396070e-01
5.059999999999999609e+00 5.004401419176578436e-01
5.079999999999999183e+00 4.998255502410777207e-01
5.099999999999999645e+00 4.991964942686666351e-01
5.119999999999999218e+00 4.985752546383324102e-01
5.139999999999999680e+00 4.979720897161272197e-01
5.159999999999999254e+00 4.973908750868909490e-01
5.179999999999999716e+00 4.968322573978767864e-01
5.199999999999999289e+00 4.962952273140507353e-01
5.219999999999999751e+00 4.957779665128684843e-01
5.239999999999999325e+00 4.952782925541476255e-01
5.259999999999999787e+00 4.947940083502905262e-01
5.279999999999999361e+00 4.943225063388699270e-01
5.299999999999999822e+00 4.938619728779780615e-01
5.319999999999999396e+00 4.934102967563872566e-01
5.339999999999999858e+00 4.929656536540822920e-01
5.359999999999999432e+00 4.925263838540151484e-01
5.379999999999999893e+00 4.920911004073901807e-01
5.399999999999999467e+00 4.916582477639825921e-01
5.419999999999999929e+00 4.912266303891659192e-01
5.439999999999999503e+00 4.907954212628239388e-01
5.459999999999999964e+00 4.903635227420231057e-01
5.479999999999999538e+00 4.899301205923580760e-01
5.500000000000000000e+00 4.894944793792781468e-01
5.519999999999999574e+00 4.890560418427215006e-01
5.539999999999999147e+00 4.886142475801331098e-01
5.559999999999999609e+00 4.881686846965151427e-01
5.579999999999999183e+00 4.877189880329704241e-01
5.599999999999999645e+00 4.872648777265520814e-01
5.619999999999999218e+00 4.868061333590306683e-01
5.639999999999999680e+00 4.863426003418221955e-01
5.659999999999999254e+00 4.858741431055141335e-01
5.679999999999999716e+00 4.854007096421533718e-01
5.699999999999999289e+00 4.849222034736421216e-01
5.719999999999999751e+00 4.844386099935114598e-01
5.739999999999999325e+00 4.839499094343637231e-01
5.759999999999999787e+00 4.834560791618232600e-01
5.779999999999999361e+00 4.829571002907918076e-01
5.799999999999999822e+00 4.824530093502116812e-01
5.819999999999999396e+00 4.819436156129877635e-01
5.839999999999999858e+00 4.814288988797466584e-01
5.859999999999999432e+00 4.809088175339740756e-01
5.879999999999999893e+00 4.803832286347646252e-01
5.899999999999999467e+00 4.798519854444190380e-01
5.919999999999999929e+00 4.793149112049452931e-01
5.939999999999999503e+00 4.787718635482010043e-01
5.959999999999999964e+00 4.782224905797600178e-01
5.979999999999999538e+00 4.776664679387026546e-01
6.000000000000000000e+00 4.771036727029785984e-01
6.019999999999999574e+00 4.765336794983488500e-01
6.039999999999999147e+00 4.759561797463292554e-01
6.059999999999999609e+00 4.753707777744198282e-01
6.079999999999999183e+00 4.747770791898057174e-01
6.099999999999999645e+00 4.741746759190072491e-01
6.119999999999999218e+00 4.735631390596953261e-01
6.139999999999999680e+00 4.729419732418165268e-01
6.159999999999999254e+00 4.723108942674267285e-01
6.179999999999999716e+00 4.716693361988902322e-01
6.199999999999999289e+00 4.710168784904483763e-01
6.219999999999999751e+00 4.703530754433662975e-01
6.239999999999999325e+00 4.696774853306618369e-01
6.259999999999999787e+00 4.689896726719255948e-01
6.279999999999999361e+00 4.682892102426741698e-01
6.299999999999999822e+00 4.675756807949464910e-01
6.319999999999999396e+00 4.668486785262302985e-01
6.339999999999999858e+00 4.661078102371264409e-01
6.359999999999999432e+00 4.653526962387094512e-01
6.379999999999999893e+00 4.645829710055627837e-01
6.399999999999999467e+00 4.637982835838752593e-01
6.419999999999999929e+00 4.629982977949760325e-01
6.439999999999999503e+00 4.621826922376436886e-01
6.459999999999999964e+00 4.613511601247586857e-01
6.479999999999999538e+00 4.605034089993469970e-01
6.500000000000000000e+00 4.596391603061748543e-01
6.519999999999999574e+00 4.587581489049556427e-01
6.539999999999999147e+00 4.578601224924220281e-01
6.559999999999999609e+00 4.569448410005451655e-01
6.579999999999999183e+00 4.560120759714606509e-01
6.599999999999999645e+00 4.550616099234421896e-01
6.619999999999999218e+00 4.540932357408900000e-01
6.639999999999999680e+00 4.531067560828338503e-01
6.659999999999999254e+00 4.521019828341943936e-01
6.679999999999999716e+00 4.510787366089847872e-01
6.699999999999999289e+00 4.500368462931038094e-01
6.719999999999999751e+00 4.489761486599601614e-01
6.739999999999999325e+00 4.478964880377993563e-01
6.759999999999999787e+00 4.467977160387080482e-01
6.779999999999999361e+00 4.456796913475145061e-01
6.799999999999999822e+00 4.445422795760879953e-01
6.819999999999999396e+00 4.433853531582336305e-01
6.839999999999999858e+00 4.422087913092936917e-01
6.859999999999999432e+00 4.410124800319696892e-01
6.879999999999999893e+00 4.397963121578828405e-01
6.899999999999999467e+00 4.385601874325527616e-01
6.919999999999999929e+00 4.373040126317880305e-01
6.939999999999999503e+00 4.360277017057637150e-01
6.959999999999999964e+00 4.347311759461435221e-01
6.979999999999999538e+00 4.334143641716011741e-01
7.000000000000000000e+00 4.320772029274222992e-01
7.019999999999999574e+00 4.307196366916115071e-01
7.039999999999999147e+00 4.293416180881565181e-01
7.059999999999999609e+00 4.279431081040805940e-01
7.079999999999999183e+00 4.265240762972733468e-01
7.099999999999999645e+00 4.250845010066124363e-01
7.119999999999999218e+00 4.236243695507909690e-01
7.139999999999999680e+00 4.221436784208076887e-01
7.159999999999999254e+00 4.206424334590829761e-01
7.179999999999999716e+00 4.191206500273412794e-01
7.199999999999999289e+00 4.175783531614105093e-01
7.219999999999999751e+00 4.160155777100977281e-01
7.239999999999999325e+00 4.144323684580098477e-01
7.259999999999999787e+00 4.128287802296310982e-01
7.279999999999999361e+00 4.112048779783757935e-01
7.299999999999999822e+00 4.095607368549378791e-01
7.319999999999999396e+00 4.078964422628438835e-01
7.339999999999999858e+00 4.062120898947303438e-01
7.359999999999999432e+00 4.045077857570212876e-01
7.379999999999999893e+00 4.027836461738187324e-01
7.399999999999999467e+00 4.010397977796864022e-01
7.419999999999999929e+00 3.992763774902179374e-01
7.439999999999999503e+00 3.974935324613719789e-01
7.459999999999999964e+00 3.956914200322658171e-01
7.479999999999999538e+00 3.938702076545230746e-01
7.500000000000000000e+00 3.920300728067100948e-01
7.519999999999999574e+00 3.901712028957779466e-01
7.539999999999999147e+00 3.882937951464091597e-01
7.559999999999999609e+00 3.863980564774397997e-01
7.579999999999999183e+00 3.844842033681110660e-01
7.599999999999999645e+00 3.825524617114497428e-01
7.619999999999999218e+00 3.806030666610663027e-01
7.639999999999999680e+00 3.786362624677852562e-01
7.659999999999999254e+00 3.766523023049865304e-01
7.679999999999999716e+00 3.746514480885554943e-01
7.699999999999999289e+00 3.726339702873369131e-01
7.719999999999999751e+00 3.706001477253901277e-01
7.739999999999999325e+00 3.685502673738977886e-01
7.759999999999999787e+00 3.664846241403740268e-01
7.779999999999999361e+00 3.644035206482238443e-01
7.799999999999999822e+00 3.623072670108994364e-01
7.819999999999999396e+00 3.601961806019793322e-01
7.839999999999999858e+00 3.580705858198262037e-01
7.859999999999999432e+00 3.559308138512196629e-01
7.879999999999999893e+00 3.537772024268146520e-01
7.899999999999999467e+00 3.516100955740806278e-01
7.919999999999999929e+00 3.494298433667171189e-01
7.939999999999999503e+00 3.472368016684884706e-01
7.959999999999999964e+00 3.450313318729458234e-01
7.979999999999999538e+00 3.428138006432424612e-01
8.000000000000000000e+00 3.405845796484987531e-01
8.019999999999999574e+00 3.383440452984957658e-01
8.039999999999999147e+00 3.360925784768263314e-01
8.059999999999998721e+00 3.338305642751162039e-01
8.080000000000000071e+00 3.315583917238632550e-01
8.099999999999999645e+00 3.292764535228064893e-01
8.119999999999999218e+00 3.269851457712616982e-01
8.139999999999998792e+00 3.246848676966149205e-01
8.160000000000000142e+00 3.223760213820695553e-01
8.179999999999999716e+00 3.200590114970165989e-01
8.199999999999999289e+00 3.177342450288939690e-01
8.219999999999998863e+00 3.154021310129496158e-01
8.240000000000000213e+00 3.130630802645010258e-01
8.259999999999999787e+00 3.107173867638730602e-01
8.279999999999999361e+00 3.083657035333589591e-01
8.299999999999998934e+00 3.060083239894555440e-01
8.320000000000000284e+00 3.036456634095637264e-01
8.339999999999999858e+00 3.012781375349845026e-01
8.359999999999999432e+00 2.989061623136976542e-01
8.379999999999999005e+00 2.965301536481285138e-01
8.400000000000000355e+00 2.941505271440904568e-01
8.419999999999999929e+00 2.917676978613576999e-01
8.439999999999999503e+00 2.893820800670270366e-01
8.459999999999999076e+00 2.869940869934178851e-01
8.480000000000000426e+00 2.846041306016760530e-01
8.500000000000000000e+00 2.822126213455976584e-01
8.519999999999999574e+00 2.798199679398131745e-01
8.539999999999999147e+00 2.774265771364169408e-01
8.559999999999998721e+00 2.750328535052790624e-01
8.580000000000000071e+00 2.726391992155174360e-01
8.599999999999999645e+00 2.702460138247456123e-01
8.619999999999999218e+00 2.678536940703809544e-01
8.639999999999998792e+00 2.654626336671449538e-01
8.660000000000000142e+00 2.630732231114244479e-01
8.679999999999999716e+00 2.606858494853336872e-01
8.699999999999999289e+00 2.583008962715505064e-01
8.719999999999998863e+00 2.559187431736543172e-01
8.740000000000000213e+00 2.535397659371833590e-01
8.759999999999999787e+00 2.511643361804605235e-01
8.779999999999999361e+00 2.487928212294380492e-01
8.799999999999998934e+00 2.464255839561390604e-01
8.820000000000000284e+00 2.440629826274586800e-01
8.839999999999999858e+00 2.417053707569957188e-01
8.859999999999999432e+00 2.393530969634658501e-01
8.879999999999999005e+00 2.370065048375246120e-01
8.900000000000000355e+00 2.346659328094578001e-01
8.919999999999999929e+00 2.323317140287097238e-01
8.939999999999999503e+00 2.300041762460405259e-01
8.959999999999999076e+00 2.276836417004101942e-01
8.980000000000000426e+00 2.253704270161648593e-01
9.000000000000000000e+00 2.230648431024311040e-01
9.019999999999999574e+00 2.207671950630021029e-01
9.039999999999999147e+00 2.184777821077697191e-01
9.059999999999998721e+00 2.161968974711720726e-01
9.080000000000000071e+00 2.139248184258560614e-01
9.099999999999999645e+00 2.116618460127784318e-01
9.119999999999999218e+00 2.094082450558471808e-01
9.139999999999998792e+00 2.071642842006649055e-01
9.160000000000000142e+00 2.049302258036196367e-01
9.179999999999999716e+00 2.027063258868419537e-01
9.199999999999999289e+00 2.004928340960445421e-01
9.219999999999998863e+00 1.982899936697932186e-01
9.240000000000000213e+00 1.960980414080382428e-01
9.259999999999999787e+00 1.939172076558476343e-01
9.279999999999999361e+00 1.917477162782603162e-01
9.299999999999998934e+00 1.895897846543098952e-01
9.320000000000000284e+00 1.874436236665085187e-01
9.339999999999999858e+00 1.853094377014465055e-01
9.359999999999999432e+00 1.831874246508003179e-01
9.379999999999999005e+00 1.810777759183869462e-01
9.400000000000000355e+00 1.789806764368085112e-01
9.419999999999999929e+00 1.768963046791950655e-01
9.439999999999999503e+00 1.748248326883062309e-01
9.459999999999999076e+00 1.727664260946424335e-01
9.480000000000000426e+00 1.707212441572683870e-01
9.500000000000000000e+00 1.686894397879106500e-01
9.519999999999999574e+00 1.666711596008959295e-01
9.539999999999999147e+00 1.646665439451426571e-01
9.559999999999998721e+00 1.626757269625884184e-01
9.580000000000000071e+00 1.606988365947962794e-01
9.599999999999999645e+00 1.587359946517261367e-01
9.619999999999999218e+00 1.567873169133615074e-01
9.639999999999998792e+00 1.548529130779996432e-01
9.660000000000000142e+00 1.529328867785501589e-01
9.679999999999999716e+00 1.510273355250666971e-01
9.699999999999999289e+00 1.491363504903384651e-01
9.719999999999998863e+00 1.472600160420944881e-01
9.740000000000000213e+00 1.453984086901779493e-01
9.759999999999999787e+00 1.435515949139421488e-01
9.779999999999999361e+00 1.417196266443048192e-01
9.799999999999998934e+00 1.399025320751174362e-01
9.820000000000000284e+00 1.381002969957745297e-01
9.839999999999999858e+00 1.363128273961398407e-01
9.859999999999999432e+00 1.345398758323593236e-01
9.879999999999999005e+00 1.327809015199345744e-01
9.900000000000000355e+00 1.310348204415308637e-01
9.919999999999999929e+00 1.292996198888440307e-01
9.939999999999999503e+00 1.275717756883157361e-01
9.959999999999999076e+00 1.258459960249637966e-01
9.980000000000000426e+00 1.241153618969377120e-01
1.000000000000000000e+01 1.223729262811153601e-01
1.001999999999999957e+01 1.206142270706482972e-01
1.003999999999999915e+01 1.188395365253477332e-01
1.005999999999999872e+01 1.170539320881965745e-01
1.008000000000000007e+01 1.152652827180411094e-01
1.009999999999999964e+01 1.134816140420965846e-01
1.011999999999999922e+01 1.117093550794267948e-01
1.013999999999999879e+01 1.099528285645288428e-01
1.016000000000000014e+01 1.082145419013415266e-01
1.017999999999999972e+01 1.064957389846546004e-01
1.019999999999999929e+01 1.047969023708156672e-01
1.021999999999999886e+01 1.031181088771340459e-01
1.024000000000000021e+01 1.014592478490241312e-01
1.025999999999999979e+01 9.982014187384247172e-02
1.027999999999999936e+01 9.820060691714128931e-02
1.029999999999999893e+01 9.660047819804307156e-02
1.032000000000000028e+01 9.501961797995445158e-02
1.033999999999999986e+01 9.345791466981766271e-02
1.035999999999999943e+01 9.191527829149184758e-02
1.037999999999999901e+01 9.039163488770760035e-02
1.040000000000000036e+01 8.888692118332713887e-02
1.041999999999999993e+01 8.740107989988540882e-02
1.043999999999999950e+01 8.593405601151121731e-02
1.045999999999999908e+01 8.448579378163730003e-02
1.048000000000000043e+01 8.305623458861897956e-02
1.050000000000000000e+01 8.164531535804277207e-02
1.051999999999999957e+01 8.025296747966663424e-02
1.053999999999999915e+01 7.887911617261746111e-02
1.055999999999999872e+01 7.752368008785623377e-02
1.058000000000000007e+01 7.618657122030324247e-02
1.059999999999999964e+01 7.486769492365816236e-02
1.061999999999999922e+01 7.356695009532530916e-02
1.063999999999999879e+01 7.228422944333452727e-02
1.066000000000000014e+01 7.101941977736397904e-02
1.067999999999999972e+01 6.977240240227190748e-02
1.069999999999999929e+01 6.854305344949403189e-02
1.071999999999999886e+01 6.733124428987340149e-02
1.074000000000000021e+01 6.613684189590918194e-02
1.075999999999999979e+01 6.495970919896201790e-02
1.077999999999999936e+01 6.379970547171112671e-02
1.079999999999999893e+01 6.265668661940701489e-02
1.082000000000000028e+01 6.153050553417237917e-02
1.083999999999999986e+01 6.042101236181315893e-02
1.085999999999999943e+01 5.932805477454783372e-02
1.087999999999999901e+01 5.825147824696152304e-02
1.090000000000000036e+01 5.719112624517408427e-02
1.091999999999999993e+01 5.614684048139027134e-02
1.093999999999999950e+01 5.511846108150222218e-02
1.095999999999999908e+01 5.410582676612121084e-02
1.098000000000000043e+01 5.310877504099863894e-02
1.100000000000000000e+01 5.212714230524176373e-02
1.101999999999999957e+01 5.116076403124970862e-02
1.103999999999999915e+01 5.020947487419616384e-02
1.105999999999999872e+01 4.927310878701559455e-02
1.108000000000000007e+01 4.835149916620008065e-02
1.109999999999999964e+01 4.744447891539070594e-02
1.111999999999999922e+01 4.655188057775078159e-02
1.113999999999999879e+01 4.567353642898239197e-02
1.116000000000000014e+01 4.480927854626114148e-02
1.117999999999999972e+01 4.395893893687952136e-02
1.119999999999999929e+01 4.312234958863751105e-02
1.121999999999999886e+01 4.229934256731099351e-02
1.124000000000000021e+01 4.148975011524061451e-02
1.125999999999999979e+01 4.069340469411562161e-02
1.127999999999999936e+01 3.991013909675995841e-02
1.129999999999999893e+01 3.913978651016658539e-02
1.132000000000000028e+01 3.838218057724312321e-02
1.133999999999999986e+01 3.763715550133106547e-02
1.135999999999999943e+01 3.690454608501884948e-02
1.137999999999999901e+01 3.618418781152310526e-02
1.140000000000000036e+01 3.547591692720556550e-02
1.141999999999999993e+01 3.477957047743403252e-02
1.143999999999999950e+01 3.409498639428323874e-02
1.145999999999999908e+01 3.342200355454470057e-02
1.148000000000000043e+01 3.276046182057374551e-02
1.150000000000000000e+01 3.211020212238362148e-02
1.151999999999999957e+01 3.147106649515128696e-02
1.153999999999999915e+01 3.084289813001910019e-02
1.155999999999999872e+01 3.022554144025587849e-02
1.158000000000000007e+01 2.961884208704027716e-02
1.159999999999999964e+01 2.902264703131140003e-02
1.161999999999999922e+01 2.843680458206969755e-02
1.163999999999999879e+01 2.786116441794690701e-02
1.166000000000000014e+01 2.729557763229909298e-02
1.167999999999999972e+01 2.673989676914104510e-02
1.169999999999999929e+01 2.619397583933818358e-02
1.171999999999999886e+01 2.565767035422785239e-02
1.174000000000000021e+01 2.513083735128278026e-02
1.175999999999999979e+01 2.461333540898277134e-02
1.177999999999999936e+01 2.410502466403677269e-02
1.179999999999999893e+01 2.360576683343129992e-02
1.182000000000000028e+01 2.311542522014525813e-02
1.183999999999999986e+01 2.263386472071926905e-02
1.185999999999999943e+01 2.216095184380674835e-02
1.187999999999999901e+01 2.169655470267227784e-02
1.190000000000000036e+01 2.124054302429215224e-02
1.191999999999999993e+01 2.079278814775871800e-02
1.193999999999999950e+01 2.035316302910944106e-02
1.195999999999999908e+01 1.992154222353197113e-02
1.198000000000000043e+01 1.949780189430661698e-02
1.200000000000000000e+01 1.908181980702089095e-02
