8.975979010256600332e-02 -3.213111890611600185e-01
2.692793703076999945e-01 -5.106865283686600199e-01
4.487989505128299750e-01 -6.473337509033399995e-01
6.283185307179599555e-01 -7.544976647163099681e-01
8.078381109230899915e-01 -8.398249552460700373e-01
9.873576911282200275e-01 -9.084854888088600422e-01
1.166877271333399912e+00 -9.646606948688299932e-01
1.346396851538500083e+00 -1.009140270520799909e+00
1.525916431743600032e+00 -1.045800107054899897e+00
1.705436011948699981e+00 -1.073740937964799969e+00
1.884955592153900072e+00 -1.095083172336899890e+00
2.064475172358999799e+00 -1.110567534945400059e+00
2.243994752564100192e+00 -1.123713828227800082e+00
2.423514332769300061e+00 -1.130669216604500038e+00
2.603033912974400010e+00 -1.134971762140599916e+00
2.782553493179499959e+00 -1.136090429130699908e+00
2.962073073384699828e+00 -1.135536652619199893e+00
3.141592653589800221e+00 -1.132403718651399993e+00
3.321112233794900170e+00 -1.127887090653800106e+00
3.500631814000100039e+00 -1.122235648226399984e+00
3.680151394205199988e+00 -1.115645221185300073e+00
3.859670974410299937e+00 -1.106250840281000070e+00
4.039190554615400330e+00 -1.097070518244299908e+00
4.218710134820599755e+00 -1.086234395762700089e+00
4.398229715025699704e+00 -1.075548745980400067e+00
4.577749295230799653e+00 -1.065830408479599978e+00
4.757268875435999966e+00 -1.054397253084599972e+00
4.936788455641099915e+00 -1.041532898947600039e+00
5.116308035846199864e+00 -1.030171507771900030e+00
5.295827616051400177e+00 -1.017607105216800090e+00
5.475347196256500126e+00 -1.004973726894599961e+00
5.654866776461600075e+00 -9.921359322781200252e-01
5.834386356666800388e+00 -9.808845569823300137e-01
6.013905936871900337e+00 -9.676768230572699858e-01
6.193425517077000286e+00 -9.561933426966899852e-01
6.372945097282199711e+00 -9.436603152873499489e-01
6.552464677487299660e+00 -9.309472082877799926e-01
6.731984257692399609e+00 -9.189021593102000285e-01
6.911503837897499558e+00 -9.075216841318000105e-01
7.091023418102699871e+00 -8.967501743678299997e-01
7.270542998307799820e+00 -8.831695577355700433e-01
7.450062578512899769e+00 -8.733345108536499923e-01
7.629582158718100082e+00 -8.620704816037000340e-01
7.809101738923200031e+00 -8.500388652353799701e-01
7.988621319128299980e+00 -8.393400377655000355e-01
8.168140899333499405e+00 -8.289002898097299621e-01
8.347660479538600242e+00 -8.184367828144399892e-01
8.527180059743699303e+00 -8.076499405171300161e-01
8.706699639948899616e+00 -7.976137966084400066e-01
8.886219220154000453e+00 -7.879792204297499936e-01
9.065738800359099514e+00 -7.770310477753900047e-01
9.245258380564200351e+00 -7.665625378341599516e-01
9.424777960769400664e+00 -7.578442703828800475e-01
9.604297540974499725e+00 -7.491418000187399784e-01
9.783817121179600562e+00 -7.400414198356799478e-01
9.963336701384800875e+00 -7.304972830277599583e-01
1.014285628158999941e+01 -7.222849385986299664e-01
1.032237586179500077e+01 -7.136393554792299643e-01
1.050189544200000036e+01 -7.043783996682200232e-01
1.068141502220499994e+01 -6.964919032403500410e-01
1.086093460240999953e+01 -6.880473550617499656e-01
1.104045418261599920e+01 -6.811814458253400151e-01
1.121997376282100056e+01 -6.724903636803799545e-01
1.139949334302600015e+01 -6.642195775304999827e-01
1.157901292323099973e+01 -6.560000652781600161e-01
1.175853250343599932e+01 -6.493831630613799977e-01
1.193805208364100068e+01 -6.431469321388000315e-01
1.211757166384600026e+01 -6.349544085646100511e-01
1.229709124405099985e+01 -6.278642851613700504e-01
1.247661082425699952e+01 -6.209101952051200302e-01
1.265613040446200088e+01 -6.144423196348199889e-01
1.283564998466700047e+01 -6.074555398292700303e-01
1.301516956487200005e+01 -6.018938571938700077e-01
1.319468914507699964e+01 -5.946112565433400166e-01
1.337420872528199922e+01 -5.888410549823599460e-01
1.355372830548700058e+01 -5.831635931636000025e-01
1.373324788569300026e+01 -5.768162087616800493e-01
1.391276746589799984e+01 -5.704276771164500381e-01
1.409228704610299943e+01 -5.647159543228800205e-01
1.427180662630800079e+01 -5.595450134884100146e-01
1.445132620651300037e+01 -5.537141298954100233e-01
1.463084578671799996e+01 -5.483856335671299931e-01
1.481036536692299954e+01 -5.424619546395600400e-01
1.498988494712799913e+01 -5.367167215255800317e-01
1.516940452733400058e+01 -5.314733679172799485e-01
1.534892410753900016e+01 -5.264485454048100088e-01
1.552844368774399975e+01 -5.209587224316799547e-01
1.570796326794899933e+01 -5.163026655957999589e-01
1.588748284815400069e+01 -5.122993315798000102e-01
1.606700242835900028e+01 -5.065865276785299631e-01
1.624652200856399986e+01 -5.021528981702899630e-01
1.642604158876899945e+01 -4.964361887065399936e-01
1.660556116897500090e+01 -4.928292297908299924e-01
1.678508074918000048e+01 -4.883040831926300229e-01
1.696460032938500007e+01 -4.835566818441799919e-01
1.714411990958999965e+01 -4.797859447427900159e-01
1.732363948979499924e+01 -4.754219867514999920e-01
1.750315906999999882e+01 -4.720671562800800025e-01
1.768267865020499841e+01 -4.669296414759300240e-01
1.786219823041099986e+01 -4.638982199879300161e-01
1.804171781061599944e+01 -4.598565028814500244e-01
1.822123739082099902e+01 -4.555754321762799930e-01
1.840075697102599861e+01 -4.509227935871999993e-01
1.858027655123100175e+01 -4.481608812110700057e-01
1.875979613143600133e+01 -4.442771492800199895e-01
1.893931571164100092e+01 -4.392295867038299995e-01
1.911883529184600050e+01 -4.371112723733899807e-01
1.929835487205199840e+01 -4.341354804468299800e-01
1.947787445225700154e+01 -4.293032387267899930e-01
1.965739403246200112e+01 -4.261282717474800252e-01
1.983691361266700071e+01 -4.223640817352600219e-01
2.001643319287200029e+01 -4.183005119951799800e-01
2.019595277307699988e+01 -4.158709507344099943e-01
2.037547235328199946e+01 -4.125656104398899848e-01
2.055499193348800091e+01 -4.093329784930400117e-01
2.073451151369300050e+01 -4.060148200502399773e-01
2.091403109389800008e+01 -4.037092309711799998e-01
2.109355067410299966e+01 -3.997279781637900209e-01
2.127307025430799925e+01 -3.967643726736400089e-01
2.145258983451299883e+01 -3.940460353336600052e-01
2.163210941471799842e+01 -3.910924520377400126e-01
2.181162899492300156e+01 -3.885130074126499911e-01
2.199114857512899945e+01 -3.858817681509300046e-01
2.217066815533399904e+01 -3.822236641711500016e-01
2.235018773553899862e+01 -3.802252991251299785e-01
2.252970731574400176e+01 -3.768642844773100187e-01
2.270922689594900135e+01 -3.735843658289900171e-01
2.288874647615400093e+01 -3.714804046496300027e-01
2.306826605635900052e+01 -3.682465122071800212e-01
2.324778563656400010e+01 -3.660381425122600230e-01
2.342730521677000155e+01 -3.640646263956299755e-01
2.360682479697500114e+01 -3.607073381020199920e-01
2.378634437718000072e+01 -3.588004232422499773e-01
2.396586395738500030e+01 -3.565380510599500119e-01
2.414538353758999989e+01 -3.539300239848500174e-01
2.432490311779499947e+01 -3.520748696502900010e-01
2.450442269799999906e+01 -3.490294639870399895e-01
2.468394227820600051e+01 -3.464717081642599839e-01
2.486346185841100009e+01 -3.444395890166599972e-01
2.504298143861599968e+01 -3.426435976251899773e-01
2.522250101882099926e+01 -3.400570307251999935e-01
2.540202059902599885e+01 -3.371250740307000227e-01
2.558154017923099843e+01 -3.355584458521400082e-01
2.576105975943600157e+01 -3.327524636011500170e-01
2.594057933964100116e+01 -3.307873505352900145e-01
2.612009891984699905e+01 -3.288327811185299820e-01
2.629961850005199864e+01 -3.273982113940300254e-01
2.647913808025700177e+01 -3.258025397226200215e-01
2.665865766046200136e+01 -3.226512833513099920e-01
2.683817724066700094e+01 -3.207058590113799901e-01
2.701769682087200053e+01 -3.183985173009600267e-01
2.719721640107700011e+01 -3.167886169240399785e-01
2.737673598128199970e+01 -3.151109773614300114e-01
2.755625556148800115e+01 -3.130348392403999869e-01
2.773577514169300073e+01 -3.123842592661100204e-01
2.791529472189800032e+01 -3.092284405501199984e-01
2.809481430210299990e+01 -3.069060985059000046e-01
2.827433388230799949e+01 -3.052010394604299792e-01
2.845385346251299907e+01 -3.037462699386500042e-01
2.863337304271799866e+01 -3.017233643887500261e-01
2.881289262292400011e+01 -3.000438356422299724e-01
2.899241220312899969e+01 -2.978092655437299952e-01
2.917193178333399928e+01 -2.965601473636900187e-01
2.935145136353899886e+01 -2.951036889358399917e-01
2.953097094374399845e+01 -2.929975466338700096e-01
2.971049052394900158e+01 -2.912644934229299820e-01
2.989001010415400117e+01 -2.897648269395899923e-01
3.006952968435900075e+01 -2.872720409173600276e-01
3.024904926456499865e+01 -2.860601075463899967e-01
3.042856884476999824e+01 -2.849580500545400019e-01
3.060808842497500137e+01 -2.829255848940199769e-01
3.078760800518000096e+01 -2.815285895115199888e-01
3.096712758538500054e+01 -2.794966718506100012e-01
3.114664716559000013e+01 -2.793448885653599945e-01
3.132616674579499971e+01 -2.769226991278599947e-01
3.150568632599999930e+01 -2.757965760690400114e-01
3.168520590620600075e+01 -2.740823995318399930e-01
3.186472548641100033e+01 -2.720956314473599869e-01
3.204424506661599992e+01 -2.709786216489600275e-01
3.222376464682100305e+01 -2.702259860219399790e-01
3.240328422702599909e+01 -2.682981245933899750e-01
3.258280380723100222e+01 -2.674174633292700221e-01
3.276232338743599826e+01 -2.658200236773299863e-01
3.294184296764200326e+01 -2.644984840722899855e-01
3.312136254784699929e+01 -2.628045822567600109e-01
3.330088212805200243e+01 -2.615536364087199805e-01
3.348040170825699846e+01 -2.600924250291999917e-01
3.365992128846200160e+01 -2.584474692993800060e-01
3.383944086866699763e+01 -2.573362801081199858e-01
3.401896044887200077e+01 -2.565120765531300195e-01
3.419848002907699680e+01 -2.545265145512700111e-01
3.437799960928300180e+01 -2.537383096278800210e-01
3.455751918948799783e+01 -2.528169931540800164e-01
3.473703876969300097e+01 -2.505979001994099731e-01
3.491655834989799700e+01 -2.492152532878399995e-01
3.509607793010300014e+01 -2.490763885844299863e-01
3.527559751030800328e+01 -2.472764262232099997e-01
3.545511709051299931e+01 -2.469059686672600007e-01
3.563463667071899721e+01 -2.454142341210799882e-01
3.581415625092400035e+01 -2.438845773105300097e-01
3.599367583112900348e+01 -2.426423516389900059e-01
3.617319541133399952e+01 -2.418223984584599862e-01
3.635271499153900265e+01 -2.415658933585400070e-01
3.653223457174399869e+01 -2.391715612452099959e-01
3.671175415194900182e+01 -2.392454570313199969e-01
3.689127373215399786e+01 -2.368769220747299897e-01
3.707079331236000286e+01 -2.368434964410300048e-01
3.725031289256499889e+01 -2.358675806748400106e-01
3.742983247277000203e+01 -2.337676963701099953e-01
3.760935205297499806e+01 -2.323001144271500118e-01
3.778887163318000120e+01 -2.320328378900300137e-01
3.796839121338499723e+01 -2.312304931771800021e-01
3.814791079359000037e+01 -2.301958604851999934e-01
3.832743037379500350e+01 -2.292380001756899877e-01
3.850694995400100140e+01 -2.272915470885500111e-01
3.868646953420599743e+01 -2.265568982336099990e-01
3.886598911441100057e+01 -2.257593517546900019e-01
3.904550869461599660e+01 -2.240679534851700017e-01
3.922502827482099974e+01 -2.231331405449999972e-01
3.940454785502600288e+01 -2.223151757926400129e-01
3.958406743523099891e+01 -2.219126690726100082e-01
3.976358701543699681e+01 -2.203283345425300077e-01
3.994310659564199995e+01 -2.203609003598699934e-01
4.012262617584700308e+01 -2.186442496591300133e-01
4.030214575605199911e+01 -2.177701431812699984e-01
4.048166533625700225e+01 -2.164959001315500120e-01
4.066118491646199828e+01 -2.148165631102300077e-01
4.084070449666700142e+01 -2.147032614703200115e-01
4.102022407687199745e+01 -2.132957334404400052e-01
4.119974365707800246e+01 -2.128288455211500008e-01
4.137926323728299849e+01 -2.123967458817299925e-01
4.155878281748800163e+01 -2.102785275113399910e-01
4.173830239769299766e+01 -2.102495765999999877e-01
4.191782197789800080e+01 -2.097925177997700119e-01
4.209734155810299683e+01 -2.098379952885700006e-01
4.227686113830799997e+01 -2.078928078585499939e-01
4.245638071851300310e+01 -2.069770424440600110e-01
4.263590029871900100e+01 -2.049625511819800072e-01
4.281541987892399703e+01 -2.044350428709799938e-01
4.299493945912900017e+01 -2.039332860776600087e-01
4.317445903933400331e+01 -2.043019856706400073e-01
4.335397861953899934e+01 -2.030979151752599909e-01
4.353349819974400248e+01 -2.027457712767400111e-01
4.371301777994899851e+01 -2.023580709261700028e-01
4.389253736015500351e+01 -2.005132195314300037e-01
4.407205694035999954e+01 -1.993449237403200069e-01
4.425157652056500268e+01 -1.982503842310099906e-01
4.443109610076999871e+01 -1.973374927165799930e-01
4.461061568097500185e+01 -1.973569797026900052e-01
4.479013526117999788e+01 -1.968523910997800053e-01
4.496965484138500102e+01 -1.959088112396799863e-01
4.514917442158999705e+01 -1.950296417105500113e-01
4.532869400179600206e+01 -1.938347164051099913e-01
4.550821358200099809e+01 -1.939365391959599894e-01
4.568773316220600123e+01 -1.916065180043499960e-01
4.586725274241099726e+01 -1.913149626292000027e-01
4.604677232261600039e+01 -1.911511632063200017e-01
4.622629190282100353e+01 -1.897348627720600034e-01
4.640581148302599956e+01 -1.893959769909500102e-01
4.658533106323199746e+01 -1.892589049240800125e-01
4.676485064343700060e+01 -1.874262529808899957e-01
4.694437022364199663e+01 -1.880152348465800038e-01
4.712388980384699977e+01 -1.869817604191600091e-01
4.730340938405200291e+01 -1.861866134961500108e-01
4.748292896425699894e+01 -1.853976397046900038e-01
4.766244854446200208e+01 -1.841359983344799944e-01
4.784196812466699811e+01 -1.835023542654599937e-01
4.802148770487300311e+01 -1.840749421221200000e-01
4.820100728507799914e+01 -1.830261792114800112e-01
4.838052686528300228e+01 -1.816611897390399966e-01
4.856004644548799831e+01 -1.814554254979399983e-01
4.873956602569300145e+01 -1.806718990301799943e-01
4.891908560589799748e+01 -1.806058504315299906e-01
4.909860518610300062e+01 -1.793080214023599905e-01
4.927812476630799665e+01 -1.784610091023000056e-01
4.945764434651400165e+01 -1.781504828735500090e-01
4.963716392671899769e+01 -1.782562185795399934e-01
4.981668350692400082e+01 -1.775713922299800018e-01
4.999620308712899686e+01 -1.763833439717799878e-01
5.017572266733399999e+01 -1.758892344818999975e-01
5.035524224753900313e+01 -1.765100348164500010e-01
5.053476182774399916e+01 -1.743811603396600018e-01
5.071428140794999706e+01 -1.739358972593000041e-01
5.089380098815500020e+01 -1.732166669176999907e-01
5.107332056836000334e+01 -1.729064639908799994e-01
5.125284014856499937e+01 -1.718105093993199939e-01
5.143235972877000250e+01 -1.719740503964800049e-01
5.161187930897499854e+01 -1.708923493088000123e-01
5.179139888918000167e+01 -1.709659224531200061e-01
5.197091846938499771e+01 -1.696301416271099871e-01
5.215043804959100271e+01 -1.689558101938199997e-01
5.232995762979599874e+01 -1.689604917017600016e-01
5.250947721000100188e+01 -1.679110431960799954e-01
5.268899679020599791e+01 -1.667916490381400052e-01
5.286851637041100105e+01 -1.667012425117400110e-01
5.304803595061599708e+01 -1.670881309671800041e-01
5.322755553082100022e+01 -1.660386650626199945e-01
5.340707511102600336e+01 -1.653695906824899919e-01
5.358659469123200125e+01 -1.651017385230600099e-01
5.376611427143699729e+01 -1.633924628909000087e-01
5.394563385164200042e+01 -1.643447408334099968e-01
5.412515343184699645e+01 -1.629359213653799876e-01
5.430467301205199959e+01 -1.631756686675299994e-01
5.448419259225700273e+01 -1.628321191156499870e-01
5.466371217246199876e+01 -1.614771926910600064e-01
5.484323175266799666e+01 -1.614561115760499987e-01
5.502275133287299980e+01 -1.610230968561099929e-01
5.520227091307800293e+01 -1.602638091364199935e-01
5.538179049328299897e+01 -1.602038430803000013e-01
5.556131007348800210e+01 -1.589405697647600091e-01
5.574082965369299814e+01 -1.586972576847499872e-01
5.592034923389800127e+01 -1.582129070625699907e-01
5.609986881410299731e+01 -1.574101601003599915e-01
5.627938839430900231e+01 -1.576169140647299960e-01
5.645890797451399834e+01 -1.573813544413500132e-01
5.663842755471900148e+01 -1.560104364232000052e-01
5.681794713492399751e+01 -1.554466724294900071e-01
5.699746671512900065e+01 -1.560685089248100010e-01
5.717698629533399668e+01 -1.551117234957500035e-01
5.735650587553899982e+01 -1.545447788881700035e-01
5.753602545574400295e+01 -1.536617036606799935e-01
5.771554503595000085e+01 -1.531136911943699885e-01
5.789506461615499688e+01 -1.535118085586099912e-01
5.807458419636000002e+01 -1.522169442199300116e-01
5.825410377656500316e+01 -1.529495559736500088e-01
5.843362335676999919e+01 -1.512984064240699977e-01
5.861314293697500233e+01 -1.512800060525600065e-01
5.879266251717999836e+01 -1.499320136913100121e-01
5.897218209738600336e+01 -1.499869696660499907e-01
5.915170167759099940e+01 -1.497373118157100114e-01
5.933122125779600253e+01 -1.487218463142599978e-01
5.951074083800099856e+01 -1.485842909572500092e-01
5.969026041820600170e+01 -1.482167838794999914e-01
5.986977999841099773e+01 -1.485921186027200080e-01
6.004929957861600087e+01 -1.481901836493700053e-01
6.022881915882099690e+01 -1.471989059747600137e-01
6.040833873902700191e+01 -1.465435075814099930e-01
6.058785831923199794e+01 -1.464380857551300097e-01
6.076737789943700108e+01 -1.455273304516999933e-01
6.094689747964199711e+01 -1.443948493500699926e-01
6.112641705984700025e+01 -1.449076948182000113e-01
6.130593664005200338e+01 -1.441218936174800125e-01
6.148545622025699942e+01 -1.450310167950399909e-01
6.166497580046299731e+01 -1.434186989787200051e-01
6.184449538066800045e+01 -1.429417417066700113e-01
6.202401496087299648e+01 -1.418816696745099915e-01
6.220353454107799962e+01 -1.431080658289199947e-01
6.238305412128300276e+01 -1.425904243761499934e-01
6.256257370148799879e+01 -1.413306481637099932e-01
6.274209328169300193e+01 -1.408708553798400098e-01
6.292161286189799796e+01 -1.403784036009899927e-01
6.310113244210400296e+01 -1.403321206752100037e-01
6.328065202230899899e+01 -1.398984479585599905e-01
6.346017160251400213e+01 -1.396742775484700050e-01
6.363969118271899816e+01 -1.385542805249299902e-01
6.381921076292400130e+01 -1.387782456625200056e-01
6.399873034312899733e+01 -1.387037782512600126e-01
6.417824992333399337e+01 -1.376693895715900007e-01
6.435776950353900361e+01 -1.377569403510499890e-01
6.453728908374499440e+01 -1.375827976922200102e-01
6.471680866395000464e+01 -1.381099602666299997e-01
6.489632824415500068e+01 -1.372609584221800016e-01
6.507584782435999671e+01 -1.358801661055099863e-01
6.525536740456500695e+01 -1.357859786330800067e-01
6.543488698477000298e+01 -1.362759408618000045e-01
6.561440656497499901e+01 -1.351121030723199945e-01
6.579392614518100402e+01 -1.349268523694999999e-01
6.597344572538600005e+01 -1.338749794722700059e-01
6.615296530559099608e+01 -1.338866643019999969e-01
6.633248488579600632e+01 -1.327457764300100096e-01
6.651200446600100236e+01 -1.327739385851899878e-01
6.669152404620599839e+01 -1.332343705409000101e-01
6.687104362641099442e+01 -1.315938055188999867e-01
6.705056320661600466e+01 -1.307689065134400030e-01
6.723008278682199546e+01 -1.318882548100900054e-01
6.740960236702700570e+01 -1.312012763330699938e-01
6.758912194723200173e+01 -1.301772708497599962e-01
6.776864152743699776e+01 -1.305513246166299934e-01
6.794816110764199379e+01 -1.291478923668200052e-01
6.812768068784700404e+01 -1.292127226947600016e-01
6.830720026805200007e+01 -1.292112834006000077e-01
6.848671984825699610e+01 -1.296298672235000060e-01
6.866623942846300110e+01 -1.302968350414699938e-01
6.884575900866799714e+01 -1.288281688644999923e-01
6.902527858887299317e+01 -1.288741764514599875e-01
6.920479816907800341e+01 -1.283920375646900036e-01
6.938431774928299944e+01 -1.279537210352099941e-01
6.956383732948799548e+01 -1.278037694904000099e-01
6.974335690969300572e+01 -1.279771831051000064e-01
6.992287648989899651e+01 -1.264102624829800126e-01
7.010239607010400675e+01 -1.262934354378300039e-01
7.028191565030900279e+01 -1.260163590595100025e-01
7.046143523051399882e+01 -1.259310016146300004e-01
7.064095481071899485e+01 -1.256621541965199929e-01
7.082047439092400509e+01 -1.253518880892799947e-01
7.099999397112900112e+01 -1.249818491281999983e-01
7.117951355133399716e+01 -1.246301646218199999e-01
7.135903313154000216e+01 -1.247647875081699942e-01
7.153855271174499819e+01 -1.236829327521599964e-01
7.171807229194999422e+01 -1.238890081642699953e-01
7.189759187215500447e+01 -1.228697590817099949e-01
7.207711145236000050e+01 -1.229388693790099962e-01
7.225663103256499653e+01 -1.228584780035899965e-01
7.243615061277000677e+01 -1.230671286585899998e-01
7.261567019297599757e+01 -1.221714939428800023e-01
7.279518977318099360e+01 -1.210622733751200025e-01
7.297470935338600384e+01 -1.215222774987400056e-01
7.315422893359099987e+01 -1.210387179252900014e-01
7.333374851379599590e+01 -1.208691434534800019e-01
7.351326809400100615e+01 -1.202681711420099941e-01
7.369278767420600218e+01 -1.206851033756300012e-01
7.387230725441099821e+01 -1.208314251934300004e-01
7.405182683461700321e+01 -1.204036011293399960e-01
7.423134641482199925e+01 -1.188405389678599960e-01
7.441086599502699528e+01 -1.192982639079400026e-01
7.459038557523200552e+01 -1.196678111427900010e-01
7.476990515543700155e+01 -1.189643681439399997e-01
7.494942473564199759e+01 -1.184666389006100023e-01
7.512894431584699362e+01 -1.175409001755099991e-01
7.530846389605200386e+01 -1.179089364603800039e-01
7.548798347625799465e+01 -1.184359496890900060e-01
7.566750305646300490e+01 -1.170288813700799957e-01
7.584702263666800093e+01 -1.169381764770899973e-01
7.602654221687299696e+01 -1.161580468572600000e-01
7.620606179707799299e+01 -1.167278876264399995e-01
7.638558137728300323e+01 -1.168932454545199978e-01
7.656510095748799927e+01 -1.160627808576900066e-01
7.674462053769400427e+01 -1.156337586961300040e-01
7.692414011789900030e+01 -1.151337783076099991e-01
7.710365969810399633e+01 -1.153182737142799952e-01
7.728317927830900658e+01 -1.151289420976400052e-01
7.746269885851400261e+01 -1.149247123041099994e-01
7.764221843871899864e+01 -1.148600613632499989e-01
7.782173801892399467e+01 -1.142533830931500016e-01
7.800125759912900492e+01 -1.146048316846000059e-01
7.818077717933499571e+01 -1.132909435436000034e-01
7.836029675954000595e+01 -1.130832147977900021e-01
7.853981633974500198e+01 -1.122802231540499934e-01
7.871933591994999801e+01 -1.128398757648900047e-01
7.889885550015499405e+01 -1.133536787184999950e-01
7.907837508036000429e+01 -1.127372511598799948e-01
7.925789466056500032e+01 -1.125094785930999958e-01
7.943741424076999635e+01 -1.117898593041100064e-01
7.961693382097600136e+01 -1.110429814921600061e-01
7.979645340118099739e+01 -1.110910764370200005e-01
7.997597298138599342e+01 -1.112568188617600040e-01
8.015549256159100366e+01 -1.105061669690200060e-01
8.033501214179599970e+01 -1.103993002719900057e-01
8.051453172200099573e+01 -1.099985271901799955e-01
8.069405130220600597e+01 -1.102322144075199989e-01
8.087357088241199676e+01 -1.104714056558200042e-01
8.105309046261700701e+01 -1.101394734204200060e-01
8.123261004282200304e+01 -1.100543603865300063e-01
8.141212962302699907e+01 -1.089071173921099950e-01
8.159164920323199510e+01 -1.090754929323499989e-01
8.177116878343700535e+01 -1.086530198295899974e-01
8.195068836364200138e+01 -1.090727331822699958e-01
8.213020794384699741e+01 -1.086818612038900067e-01
8.230972752405300241e+01 -1.082974238445899989e-01
8.248924710425799844e+01 -1.074823491813499954e-01
8.266876668446299448e+01 -1.077705384826700002e-01
8.284828626466800472e+01 -1.066019663175200027e-01
8.302780584487300075e+01 -1.076601366752100025e-01
8.320732542507799678e+01 -1.070690255963999971e-01
8.338684500528300703e+01 -1.068111889822700028e-01
8.356636458548899782e+01 -1.069925581316600038e-01
8.374588416569399385e+01 -1.063312604370099945e-01
8.392540374589900409e+01 -1.065248354003599934e-01
8.410492332610400013e+01 -1.054375314852700057e-01
8.428444290630899616e+01 -1.049023539703600044e-01
8.446396248651400640e+01 -1.047705138618399978e-01
8.464348206671900243e+01 -1.049150914896099934e-01
8.482300164692399846e+01 -1.036865956828299934e-01
8.500252122713000347e+01 -1.043932725522399990e-01
8.518204080733499950e+01 -1.047453910971000018e-01
8.536156038753999553e+01 -1.042696582338499961e-01
8.554107996774500577e+01 -1.040989973227000043e-01
8.572059954795000181e+01 -1.041471623273400038e-01
8.590011912815499784e+01 -1.035361798009599987e-01
8.607963870835999387e+01 -1.036112107960600048e-01
8.625915828856500411e+01 -1.025608567305599933e-01
8.643867786877099491e+01 -1.025754345643799942e-01
8.661819744897600515e+01 -1.015738067431199987e-01
8.679771702918100118e+01 -1.026960702728999947e-01
8.697723660938599721e+01 -1.024999859427200011e-01
8.715675618959099324e+01 -1.014054456024799933e-01
8.733627576979600349e+01 -1.020411009326200047e-01
8.751579535000099952e+01 -1.022017750154199933e-01
8.769531493020700452e+01 -1.010915074706800060e-01
8.787483451041200055e+01 -1.006763175896600027e-01
8.805435409061699659e+01 -1.012320681717100018e-01
8.823387367082200683e+01 -1.010902112409699932e-01
8.841339325102700286e+01 -1.010019889835200024e-01
8.859291283123199889e+01 -9.970429891975500503e-02
8.877243241143699493e+01 -1.003726263835500038e-01
8.895195199164200517e+01 -9.975968148631300658e-02
8.913147157184799596e+01 -9.989254371112700481e-02
8.931099115205300620e+01 -9.955988815701899419e-02
8.949051073225800224e+01 -9.967536457228100277e-02
8.967003031246299827e+01 -9.974641971770499549e-02
8.984954989266799430e+01 -9.894156351206399858e-02
9.002906947287300454e+01 -9.822873993686200011e-02
9.020858905307800057e+01 -9.892587416099299369e-02
9.038810863328299661e+01 -9.922915205545300432e-02
9.056762821348900161e+01 -9.884832623615499858e-02
9.074714779369399764e+01 -9.882155566845900185e-02
9.092666737389899367e+01 -9.828818069284500636e-02
9.110618695410400392e+01 -9.783169289877799435e-02
9.128570653430899995e+01 -9.824890881423900546e-02
9.146522611451399598e+01 -9.751150580202500029e-02
9.164474569471900622e+01 -9.746563570376999552e-02
9.182426527492499702e+01 -9.832153194647899608e-02
9.200378485512999305e+01 -9.680616300924199669e-02
9.218330443533500329e+01 -9.703468663836399555e-02
9.236282401553999932e+01 -9.561703401628300625e-02
9.254234359574499535e+01 -9.636374486994299382e-02
9.272186317595000560e+01 -9.620225671519200272e-02
9.290138275615500163e+01 -9.602227041539500296e-02
9.308090233635999766e+01 -9.567813039354300386e-02
9.326042191656600266e+01 -9.581035846283199320e-02
9.343994149677099870e+01 -9.465576397558099486e-02
9.361946107697599473e+01 -9.466940559089899454e-02
9.379898065718100497e+01 -9.518608925950300392e-02
9.397850023738600100e+01 -9.461034605788799789e-02
9.415801981759099704e+01 -9.528775379063099404e-02
9.433753939779599307e+01 -9.501265339734299431e-02
9.451705897800100331e+01 -9.416303241825700610e-02
9.469657855820699410e+01 -9.370898813280599537e-02
9.487609813841200435e+01 -9.381415735687299862e-02
9.505561771861700038e+01 -9.389031927554800094e-02
9.523513729882199641e+01 -9.289576648638500633e-02
9.541465687902700665e+01 -9.318678040025500653e-02
9.559417645923200268e+01 -9.321985289078900394e-02
9.577369603943699872e+01 -9.306045308393000315e-02
9.595321561964300372e+01 -9.252071330203100186e-02
9.613273519984799975e+01 -9.197063516467800237e-02
9.631225478005299578e+01 -9.262360053038000418e-02
9.649177436025800603e+01 -9.308461212105899329e-02
9.667129394046300206e+01 -9.244810766274999536e-02
9.685081352066799809e+01 -9.236962178171399807e-02
9.703033310087299412e+01 -9.145910507547599932e-02
9.720985268107800437e+01 -9.185034354302100412e-02
9.738937226128399516e+01 -9.092407496701900016e-02
9.756889184148900540e+01 -9.048488655170600081e-02
9.774841142169400143e+01 -9.031524703967699907e-02
9.792793100189899747e+01 -9.075421068891899312e-02
9.810745058210399350e+01 -9.058706967877400151e-02
9.828697016230900374e+01 -9.054894364155699482e-02
9.846648974251399977e+01 -9.049349057452500678e-02
9.864600932272000477e+01 -8.990302597842400600e-02
9.882552890292500081e+01 -9.098443427382700566e-02
9.900504848312999684e+01 -8.993584527274099683e-02
9.918456806333500708e+01 -8.988814061586100634e-02
9.936408764354000311e+01 -8.971494548942400560e-02
9.954360722374499915e+01 -8.881273751196699928e-02
9.972312680394999518e+01 -8.837688197020300562e-02
9.990264638415500542e+01 -8.838311663344200486e-02
1.000821659643600015e+02 -8.818024915957800580e-02
1.002616855445699997e+02 -8.898221865893400639e-02
1.004412051247699935e+02 -8.907815742269299675e-02
1.006207247049800060e+02 -8.793109389216199889e-02
1.008002442851799998e+02 -8.878945822512400443e-02
1.009797638653899980e+02 -8.776821671793499924e-02
1.011592834455900061e+02 -8.760738517617000509e-02
1.013388030258000043e+02 -8.751301395476500378e-02
1.015183226059999981e+02 -8.823857068824900174e-02
1.016978421862099964e+02 -8.706359062213199496e-02
1.018773617664100044e+02 -8.736427814163799654e-02
1.020568813466200027e+02 -8.760925751837299325e-02
1.022364009268199965e+02 -8.652886815618600347e-02
1.024159205070299947e+02 -8.686499799909599973e-02
1.025954400872300027e+02 -8.630877445324899866e-02
1.027749596674400010e+02 -8.577199522806999710e-02
1.029544792476399948e+02 -8.714739630909400236e-02
1.031339988278499931e+02 -8.559984006620499630e-02
1.033135184080500011e+02 -8.649451566901300570e-02
1.034930379882599993e+02 -8.614722354003200022e-02
1.036725575684599931e+02 -8.613259823555799444e-02
1.038520771486700056e+02 -8.565195484826000627e-02
1.040315967288699994e+02 -8.582057350995600520e-02
1.042111163090799977e+02 -8.522270802333900552e-02
1.043906358892800057e+02 -8.540647581575500080e-02
1.045701554694900040e+02 -8.429425338312800109e-02
1.047496750496899978e+02 -8.514616609288200300e-02
1.049291946298999960e+02 -8.477428337545600545e-02
1.051087142101000040e+02 -8.503949137820500381e-02
1.052882337903100023e+02 -8.481174709542599333e-02
1.054677533705099961e+02 -8.404640587020799358e-02
1.056472729507199944e+02 -8.403969362785200514e-02
1.058267925309200024e+02 -8.523662565560199966e-02
1.060063121111300006e+02 -8.446520659271500309e-02
1.061858316913399989e+02 -8.339123759482799936e-02
1.063653512715400069e+02 -8.331391356449699415e-02
1.065448708517500052e+02 -8.369672766607000325e-02
1.067243904319499990e+02 -8.341565465767700194e-02
1.069039100121599972e+02 -8.285153492627900240e-02
1.070834295923600052e+02 -8.334682096360800097e-02
1.072629491725700035e+02 -8.252748269368999356e-02
1.074424687527699973e+02 -8.382794548571699533e-02
1.076219883329799956e+02 -8.229850455046799906e-02
1.078015079131800036e+02 -8.275703314442800496e-02
1.079810274933900018e+02 -8.236514266811199858e-02
1.081605470735899956e+02 -8.304807211163499348e-02
1.083400666537999939e+02 -8.193750949201800138e-02
1.085195862340000019e+02 -8.246966294752600124e-02
1.086991058142100002e+02 -8.192293329326599816e-02
1.088786253944099940e+02 -8.231428292480699738e-02
1.090581449746200065e+02 -8.201901403828400217e-02
1.092376645548200003e+02 -8.127651246509699778e-02
1.094171841350299985e+02 -8.135280945127300323e-02
1.095967037152300065e+02 -8.168604391430399347e-02
1.097762232954400048e+02 -8.085382533266499694e-02
1.099557428756399986e+02 -8.068962874449800426e-02
1.101352624558499969e+02 -8.071560931864099619e-02
1.103147820360500049e+02 -8.178175347719500443e-02
1.104943016162600031e+02 -8.042344995215200409e-02
1.106738211964599969e+02 -8.071309441328800016e-02
1.108533407766699952e+02 -8.093005746771700371e-02
1.110328603568700032e+02 -8.060352358160799424e-02
1.112123799370800015e+02 -8.053582960302399507e-02
1.113918995172799953e+02 -8.052642719924099635e-02
1.115714190974899935e+02 -7.989595225238900478e-02
1.117509386776900016e+02 -7.941211244981200013e-02
1.119304582578999998e+02 -7.963359028482999702e-02
1.121099778380999936e+02 -7.948679020812900176e-02
1.122894974183100061e+02 -7.915385314107099834e-02
1.124690169985099999e+02 -7.892918793785300147e-02
1.126485365787199981e+02 -7.981746112254199665e-02
1.128280561589200062e+02 -7.886667396591899581e-02
1.130075757391300044e+02 -7.819972389484800002e-02
1.131870953193400027e+02 -7.804056269757199404e-02
1.133666148995399965e+02 -7.853029476773999706e-02
1.135461344797499947e+02 -7.827949626759199420e-02
1.137256540599500028e+02 -7.795532191128499988e-02
1.139051736401600010e+02 -7.785668194388900565e-02
1.140846932203599948e+02 -7.714838216548999816e-02
1.142642128005699931e+02 -7.715423979407799726e-02
1.144437323807700011e+02 -7.806839453554899333e-02
1.146232519609799994e+02 -7.769399842214000373e-02
1.148027715411799932e+02 -7.731921742363399852e-02
1.149822911213900056e+02 -7.742894829836799442e-02
1.151618107015899994e+02 -7.766959001420800646e-02
1.153413302817999977e+02 -7.776996714954799439e-02
1.155208498620000057e+02 -7.722537622492299525e-02
1.157003694422100040e+02 -7.738063187485499927e-02
1.158798890224099978e+02 -7.736720860914099440e-02
1.160594086026199960e+02 -7.644240982629800507e-02
1.162389281828200041e+02 -7.673327393282000641e-02
1.164184477630300023e+02 -7.665777630160600098e-02
1.165979673432299961e+02 -7.594523670598299359e-02
1.167774869234399944e+02 -7.682251846177400034e-02
1.169570065036400024e+02 -7.530215893815700445e-02
1.171365260838500006e+02 -7.571310973885800322e-02
1.173160456640499945e+02 -7.596096044526599866e-02
1.174955652442600069e+02 -7.727951860810899909e-02
1.176750848244600007e+02 -7.706661365241200545e-02
1.178546044046699990e+02 -7.639916532346499589e-02
1.180341239848700070e+02 -7.587007857145500189e-02
1.182136435650800053e+02 -7.631372916859799349e-02
1.183931631452799991e+02 -7.521967912999899530e-02
1.185726827254899973e+02 -7.486987914312000225e-02
1.187522023056900053e+02 -7.506502136453599427e-02
1.189317218859000036e+02 -7.463878385869900101e-02
1.191112414660999974e+02 -7.535050654943599435e-02
1.192907610463099957e+02 -7.564836691327700424e-02
1.194702806265100037e+02 -7.425784900614700035e-02
1.196498002067200019e+02 -7.508326695085400238e-02
1.198293197869199957e+02 -7.468960022830800627e-02
1.200088393671299940e+02 -7.431915118170100143e-02
1.201883589473400065e+02 -7.346559142049000068e-02
1.203678785275400003e+02 -7.363659824726100089e-02
1.205473981077499985e+02 -7.390750944345500506e-02
1.207269176879500066e+02 -7.442130178304999510e-02
1.209064372681600048e+02 -7.463635817635400072e-02
1.210859568483599986e+02 -7.444439455136900308e-02
1.212654764285699969e+02 -7.312981970192800052e-02
1.214449960087700049e+02 -7.387765313360500352e-02
1.216245155889800031e+02 -7.302960638687300277e-02
1.218040351691799970e+02 -7.308934955701899827e-02
1.219835547493899952e+02 -7.306034426554200434e-02
1.221630743295900032e+02 -7.319524809620600592e-02
1.223425939098000015e+02 -7.233451868074100566e-02
1.225221134899999953e+02 -7.315469045104799894e-02
1.227016330702099935e+02 -7.323102048161800326e-02
1.228811526504100016e+02 -7.229608780388399603e-02
1.230606722306199998e+02 -7.231771317591000059e-02
1.232401918108199936e+02 -7.238908790738700361e-02
1.234197113910300061e+02 -7.246517199015399535e-02
1.235992309712299999e+02 -7.275706190059599843e-02
1.237787505514399982e+02 -7.186693519016400244e-02
1.239582701316400062e+02 -7.209419500567200434e-02
1.241377897118500044e+02 -7.173393637231699482e-02
1.243173092920499982e+02 -7.194819812183600449e-02
1.244968288722599965e+02 -7.074386017108999503e-02
1.246763484524600045e+02 -7.125767461118300006e-02
1.248558680326700028e+02 -7.196982499925000387e-02
1.250353876128699966e+02 -7.116424118962100254e-02
1.252149071930799948e+02 -7.233967916059899639e-02
1.253944267732800029e+02 -7.162450299654800345e-02
1.255739463534900011e+02 -7.100800268963200490e-02
1.257534659336899949e+02 -7.128863893098499882e-02
1.259329855138999932e+02 -7.034654231588399753e-02
1.261125050941000012e+02 -7.142345649766500271e-02
1.262920246743099995e+02 -7.036477299907699379e-02
1.264715442545099933e+02 -7.015979464986600578e-02
1.266510638347200057e+02 -6.966232142975699315e-02
1.268305834149300040e+02 -7.072920271550199589e-02
1.270101029951299978e+02 -7.120921391470799722e-02
1.271896225753399960e+02 -7.116093837434399327e-02
1.273691421555400041e+02 -7.055100786243299893e-02
1.275486617357500023e+02 -7.068954616336700636e-02
1.277281813159499961e+02 -7.004313993913799385e-02
1.279077008961599944e+02 -7.061202781111600157e-02
1.280872204763599882e+02 -7.012367124910300065e-02
1.282667400565700007e+02 -6.938933134217299681e-02
1.284462596367700087e+02 -6.923944016878300078e-02
1.286257792169799927e+02 -6.936650259057400292e-02
1.288052987971800007e+02 -6.837290749706499693e-02
1.289848183773900132e+02 -6.957732777821200310e-02
1.291643379575899928e+02 -6.920848442345499396e-02
1.293438575378000053e+02 -6.932008629016199464e-02
1.295233771180000133e+02 -6.908338805732200383e-02
1.297028966982099973e+02 -6.875404480571800647e-02
1.298824162784100054e+02 -6.907087754456700535e-02
1.300619358586199894e+02 -6.903252191389200321e-02
1.302414554388199974e+02 -6.919578300722499520e-02
1.304209750190300099e+02 -6.876317085386199346e-02
1.306004945992299895e+02 -6.803851722361499432e-02
1.307800141794400020e+02 -6.904464473560499582e-02
1.309595337596400100e+02 -6.863659343365000054e-02
1.311390533398499940e+02 -6.798101610495800584e-02
1.313185729200500020e+02 -6.813672582287499946e-02
1.314980925002599861e+02 -6.742901878998600051e-02
1.316776120804599941e+02 -6.766412968886599544e-02
1.318571316606700066e+02 -6.843708498154900399e-02
1.320366512408699862e+02 -6.709485216615600212e-02
1.322161708210799986e+02 -6.781173993971799374e-02
1.323956904012800067e+02 -6.755746998049000362e-02
1.325752099814899907e+02 -6.647848114792899443e-02
1.327547295616899987e+02 -6.727151427552799379e-02
1.329342491419000112e+02 -6.679378536452100501e-02
1.331137687220999908e+02 -6.617663627330999665e-02
1.332932883023100032e+02 -6.724096672572199562e-02
1.334728078825100113e+02 -6.657002516747399790e-02
1.336523274627199953e+02 -6.717444283831600083e-02
1.338318470429300078e+02 -6.601629468645399401e-02
1.340113666231299874e+02 -6.630611228317999373e-02
1.341908862033399998e+02 -6.656742512767299669e-02
1.343704057835400079e+02 -6.648408617007700583e-02
1.345499253637499919e+02 -6.554916759627299472e-02
1.347294449439499999e+02 -6.686177666320899937e-02
1.349089645241600124e+02 -6.621329667635600380e-02
1.350884841043599920e+02 -6.680493121127699385e-02
1.352680036845700045e+02 -6.614104654779399961e-02
1.354475232647700125e+02 -6.558832767128000563e-02
1.356270428449799965e+02 -6.573313988642200123e-02
1.358065624251800045e+02 -6.572750176021199819e-02
1.359860820053899886e+02 -6.518967364258000663e-02
1.361656015855899966e+02 -6.547752576305400363e-02
1.363451211658000091e+02 -6.455155951461100106e-02
1.365246407459999887e+02 -6.587709443368000573e-02
1.367041603262100011e+02 -6.491469247539599641e-02
1.368836799064100092e+02 -6.497578439456300203e-02
1.370631994866199932e+02 -6.538120405394100276e-02
1.372427190668200012e+02 -6.514797400993399545e-02
1.374222386470300137e+02 -6.529598046173300252e-02
1.376017582272299933e+02 -6.485433811064800214e-02
1.377812778074400057e+02 -6.462014929400000662e-02
1.379607973876400138e+02 -6.498406298993500418e-02
1.381403169678499978e+02 -6.485045215200900548e-02
1.383198365480500058e+02 -6.416391560380099723e-02
1.384993561282599899e+02 -6.440663594655400559e-02
1.386788757084599979e+02 -6.455194490075999436e-02
1.388583952886700104e+02 -6.477587589231299792e-02
1.390379148688699900e+02 -6.463564937212200323e-02
1.392174344490800024e+02 -6.383571731464700305e-02
1.393969540292800104e+02 -6.455385096232299502e-02
1.395764736094899945e+02 -6.386407295740599566e-02
1.397559931896900025e+02 -6.379321935879900263e-02
1.399355127698999866e+02 -6.344895437253700310e-02
1.401150323500999946e+02 -6.338314910980100136e-02
1.402945519303100070e+02 -6.346209375745000270e-02
1.404740715105199911e+02 -6.331318171999500422e-02
1.406535910907199991e+02 -6.335176819145199589e-02
1.408331106709300116e+02 -6.335330185576500128e-02
1.410126302511299912e+02 -6.339893253821700381e-02
1.411921498313400036e+02 -6.304955570907799789e-02
1.413716694115400117e+02 -6.345439016420299783e-02
1.415511889917499957e+02 -6.374003525348599652e-02
1.417307085719500037e+02 -6.356594033115600673e-02
1.419102281521599878e+02 -6.327950598509900215e-02
1.420897477323599958e+02 -6.228373901436200233e-02
1.422692673125700082e+02 -6.302664349567900504e-02
1.424487868927699878e+02 -6.312835750999100382e-02
1.426283064729800003e+02 -6.260070610204500341e-02
1.428078260531800083e+02 -6.248865091416899720e-02
1.429873456333899924e+02 -6.226741321714499705e-02
1.431668652135900004e+02 -6.191519888206099831e-02
1.433463847938000129e+02 -6.285184661674800277e-02
1.435259043739999925e+02 -6.181090666100200193e-02
1.437054239542100049e+02 -6.291406615477899977e-02
1.438849435344100129e+02 -6.246481459233200334e-02
1.440644631146199970e+02 -6.149722055431899870e-02
1.442439826948200050e+02 -6.191830376384700046e-02
1.444235022750299891e+02 -6.256379025137599748e-02
1.446030218552299971e+02 -6.223999472976499830e-02
1.447825414354400095e+02 -6.258766666548100377e-02
1.449620610156399891e+02 -6.197140005180999667e-02
1.451415805958500016e+02 -6.201577534517500184e-02
1.453211001760500096e+02 -6.209136717182599935e-02
1.455006197562599937e+02 -6.140968529601399661e-02
1.456801393364600017e+02 -6.190022932095699815e-02
1.458596589166700142e+02 -6.140093016261600339e-02
1.460391784968699938e+02 -6.121054645716800247e-02
1.462186980770800062e+02 -6.153696215865599867e-02
1.463982176572799858e+02 -6.050289115940900297e-02
1.465777372374899983e+02 -6.051685577498600033e-02
1.467572568176900063e+02 -6.029009289185500303e-02
1.469367763978999903e+02 -6.057876666500400242e-02
1.471162959780999984e+02 -6.013558497472600017e-02
1.472958155583100108e+02 -6.061956224294400009e-02
1.474753351385199949e+02 -6.075666315152099956e-02
1.476548547187200029e+02 -6.115563016300899768e-02
1.478343742989299869e+02 -6.081266047850100026e-02
1.480138938791299950e+02 -6.082765072750000168e-02
1.481934134593400074e+02 -6.096902048872900048e-02
1.483729330395399870e+02 -5.998060538228899841e-02
1.485524526197499995e+02 -6.027692286368700053e-02
1.487319721999500075e+02 -6.100114108384299683e-02
1.489114917801599915e+02 -6.038142354284799923e-02
1.490910113603599996e+02 -5.989081046912300005e-02
1.492705309405700120e+02 -6.040590530818300274e-02
1.494500505207699916e+02 -6.062556975525099784e-02
1.496295701009800041e+02 -6.019376994348100279e-02
1.498090896811800121e+02 -6.011431607394900067e-02
1.499886092613899962e+02 -6.000460911339400294e-02
1.501681288415900042e+02 -6.051180662995100240e-02
1.503476484217999882e+02 -5.912789095628700337e-02
1.505271680019999962e+02 -5.977735784504800004e-02
1.507066875822100087e+02 -6.031991433703699779e-02
1.508862071624099883e+02 -5.882071928707700154e-02
1.510657267426200008e+02 -5.866228974739699786e-02
1.512452463228200088e+02 -5.922812951674699677e-02
1.514247659030299928e+02 -5.909812659135599971e-02
1.516042854832300009e+02 -5.915639520447200234e-02
1.517838050634400133e+02 -5.932450673709600136e-02
1.519633246436399929e+02 -5.802604819492800103e-02
1.521428442238500054e+02 -5.854109219183700058e-02
1.523223638040500134e+02 -5.944125943020599906e-02
1.525018833842599975e+02 -5.855711130160699829e-02
1.526814029644600055e+02 -5.892443943292500347e-02
1.528609225446699895e+02 -5.837129561326599714e-02
1.530404421248699975e+02 -5.891885178987400079e-02
1.532199617050800100e+02 -5.832602305028999901e-02
1.533994812852799896e+02 -5.891972409238600134e-02
1.535790008654900021e+02 -5.791520792978400306e-02
1.537585204456900101e+02 -5.727322561124399691e-02
1.539380400258999941e+02 -5.730789881019800192e-02
1.541175596061100066e+02 -5.791436171525399940e-02
1.542970791863099862e+02 -5.762729869357900020e-02
1.544765987665199987e+02 -5.810946831942299939e-02
1.546561183467200067e+02 -5.838879447635900166e-02
1.548356379269299907e+02 -5.826414913711600030e-02
1.550151575071299987e+02 -5.792424717619699959e-02
1.551946770873400112e+02 -5.684009712063999714e-02
1.553741966675399908e+02 -5.769606501519800035e-02
1.555537162477500033e+02 -5.787274925327000330e-02
1.557332358279500113e+02 -5.720873058077100004e-02
1.559127554081599953e+02 -5.676600395264599919e-02
1.560922749883600034e+02 -5.677772658858099702e-02
1.562717945685699874e+02 -5.659247777050199768e-02
1.564513141487699954e+02 -5.666219360529500121e-02
1.566308337289800079e+02 -5.645220701871200147e-02
1.568103533091799875e+02 -5.743035774805699961e-02
1.569898728893900000e+02 -5.705456576125000207e-02
1.571693924695900080e+02 -5.664681082602499723e-02
1.573489120497999920e+02 -5.629214279127100345e-02
1.575284316300000000e+02 -5.696414953766199690e-02
1.577079512102100125e+02 -5.652659081825400084e-02
1.578874707904099921e+02 -5.677032203114400211e-02
1.580669903706200046e+02 -5.658978435446399696e-02
1.582465099508200126e+02 -5.681365899903700195e-02
1.584260295310299966e+02 -5.629942974697500074e-02
1.586055491112300047e+02 -5.625624553554400137e-02
1.587850686914399887e+02 -5.557790521628099695e-02
1.589645882716399967e+02 -5.734395539955199766e-02
1.591441078518500092e+02 -5.610282452673100162e-02
1.593236274320499888e+02 -5.570621384134700343e-02
1.595031470122600012e+02 -5.672199717818700304e-02
1.596826665924600093e+02 -5.586472261519900145e-02
1.598621861726699933e+02 -5.626092664368199936e-02
1.600417057528700013e+02 -5.645308184186999950e-02
1.602212253330800138e+02 -5.614236904862599659e-02
1.604007449132799934e+02 -5.568163049997999769e-02
1.605802644934900059e+02 -5.560195688650199780e-02
1.607597840736900139e+02 -5.493732364983899830e-02
1.609393036538999979e+02 -5.640377450482499805e-02
1.611188232341100104e+02 -5.586844584411099907e-02
1.612983428143099900e+02 -5.586989575608099917e-02
1.614778623945200025e+02 -5.497721251739499937e-02
1.616573819747200105e+02 -5.523048295204500274e-02
1.618369015549299945e+02 -5.472012764564000015e-02
1.620164211351300025e+02 -5.566882719431100190e-02
1.621959407153399866e+02 -5.548024547863100037e-02
1.623754602955399946e+02 -5.562466209045500293e-02
1.625549798757500071e+02 -5.486653264081099712e-02
1.627344994559499867e+02 -5.458055627649399666e-02
1.629140190361599991e+02 -5.544043605566299771e-02
1.630935386163600072e+02 -5.511194149688199845e-02
1.632730581965699912e+02 -5.526065032555300266e-02
1.634525777767699992e+02 -5.431196062927900331e-02
1.636320973569800117e+02 -5.488866399972199689e-02
1.638116169371799913e+02 -5.391696846077499716e-02
1.639911365173900037e+02 -5.448682019383899872e-02
1.641706560975900118e+02 -5.443639850107399869e-02
1.643501756777999958e+02 -5.467497623388700018e-02
1.645296952580000038e+02 -5.440614564748100235e-02
1.647092148382099879e+02 -5.445193384659000047e-02
1.648887344184099959e+02 -5.400076771813400178e-02
1.650682539986200084e+02 -5.378456933101100068e-02
1.652477735788199880e+02 -5.368286597916600150e-02
1.654272931590300004e+02 -5.454162938661699656e-02
1.656068127392300084e+02 -5.385771051813800087e-02
1.657863323194399925e+02 -5.325056275839200326e-02
1.659658518996400005e+02 -5.341494157106199681e-02
1.661453714798500130e+02 -5.366594401200899811e-02
1.663248910600499926e+02 -5.392633890249699802e-02
1.665044106402600050e+02 -5.410076749545900121e-02
1.666839302204600131e+02 -5.341474796855300022e-02
1.668634498006699971e+02 -5.325174173290100205e-02
1.670429693808700051e+02 -5.447829472971500026e-02
1.672224889610799892e+02 -5.333458932915399742e-02
1.674020085412799972e+02 -5.409723184258499740e-02
1.675815281214900097e+02 -5.381270463430200268e-02
1.677610477016899893e+02 -5.400356809593200025e-02
1.679405672819000017e+02 -5.386979103753000014e-02
1.681200868621100142e+02 -5.321855315954399784e-02
1.682996064423099938e+02 -5.251698674309800141e-02
1.684791260225200062e+02 -5.318110499893000109e-02
1.686586456027199858e+02 -5.385748617721299730e-02
1.688381651829299983e+02 -5.326897982546500293e-02
1.690176847631300063e+02 -5.255175110569199753e-02
1.691972043433399904e+02 -5.396693974086599899e-02
1.693767239235399984e+02 -5.200410204969999756e-02
1.695562435037500109e+02 -5.295048251388100036e-02
1.697357630839499905e+02 -5.330833672397099904e-02
1.699152826641600029e+02 -5.251593372367700102e-02
1.700948022443600109e+02 -5.326377375194599889e-02
1.702743218245699950e+02 -5.376337888623099887e-02
1.704538414047700030e+02 -5.264483580564800064e-02
1.706333609849799871e+02 -5.348701202826099815e-02
1.708128805651799951e+02 -5.208665049099200223e-02
1.709924001453900075e+02 -5.184748413853199761e-02
1.711719197255899871e+02 -5.241332043928499662e-02
1.713514393057999996e+02 -5.183820990093099962e-02
1.715309588860000076e+02 -5.148292447352099954e-02
1.717104784662099917e+02 -5.118402945577899682e-02
1.718899980464099997e+02 -5.209797605006800253e-02
1.720695176266200122e+02 -5.191416656197900270e-02
1.722490372068199918e+02 -5.134241145484400026e-02
1.724285567870300042e+02 -5.188965683014799823e-02
1.726080763672300122e+02 -5.145806416267999922e-02
1.727875959474399963e+02 -5.115165921344200228e-02
1.729671155276400043e+02 -5.176502994141599784e-02
1.731466351078499883e+02 -5.237508956264200211e-02
1.733261546880499964e+02 -5.158633852735199782e-02
1.735056742682600088e+02 -5.116075386787000134e-02
1.736851938484599884e+02 -5.214801657173100125e-02
1.738647134286700009e+02 -5.236079259604899810e-02
1.740442330088700089e+02 -5.187251031641600119e-02
1.742237525890799930e+02 -5.203634436811999803e-02
1.744032721692800010e+02 -5.083553318323599801e-02
1.745827917494900134e+02 -5.134278879468800322e-02
1.747623113296999975e+02 -5.097605779690699696e-02
1.749418309099000055e+02 -5.060531134579600299e-02
1.751213504901099896e+02 -5.166991682272299713e-02
1.753008700703099976e+02 -5.137203668310599824e-02
1.754803896505200100e+02 -5.074042799352999900e-02
1.756599092307199896e+02 -5.150602173146399954e-02
1.758394288109300021e+02 -4.944502711021900310e-02
1.760189483911300101e+02 -4.998405850032099779e-02
1.761984679713399942e+02 -5.029466999761399854e-02
1.763779875515400022e+02 -5.046818920417899673e-02
1.765575071317499862e+02 -5.092578560583999742e-02
1.767370267119499943e+02 -5.105273845933300247e-02
1.769165462921600067e+02 -5.015983407914000047e-02
1.770960658723599863e+02 -5.020757272517099856e-02
1.772755854525699988e+02 -5.046221272464700147e-02
1.774551050327700068e+02 -5.047922664271799892e-02
1.776346246129799908e+02 -5.014282903276499892e-02
1.778141441931799989e+02 -5.063491893170900260e-02
1.779936637733900113e+02 -5.015215565530899838e-02
1.781731833535899909e+02 -5.055163184242000146e-02
1.783527029338000034e+02 -5.076186298513699763e-02
1.785322225140000114e+02 -4.985128678477700193e-02
1.787117420942099955e+02 -5.022484519925100172e-02
1.788912616744100035e+02 -4.943540570520599947e-02
1.790707812546199875e+02 -5.016446932714700019e-02
1.792503008348199955e+02 -5.009136750920099856e-02
1.794298204150300080e+02 -4.973045219281699986e-02
1.796093399952299876e+02 -5.004335252778600168e-02
1.797888595754400001e+02 -4.971318329515900247e-02
1.799683791556400081e+02 -5.003412062802199689e-02
1.801478987358499921e+02 -4.960889710985699752e-02
1.803274183160500002e+02 -4.867414172602799877e-02
1.805069378962600126e+02 -4.944775907889299715e-02
1.806864574764599922e+02 -4.962388988677000207e-02
1.808659770566700047e+02 -4.959876997283300254e-02
1.810454966368700127e+02 -4.946201918617400273e-02
1.812250162170799967e+02 -4.875277229492999687e-02
1.814045357972800048e+02 -4.957446972651499695e-02
1.815840553774899888e+02 -4.957353546151799933e-02
1.817635749577000013e+02 -4.955889734372499744e-02
1.819430945379000093e+02 -4.888199545988500261e-02
1.821226141181099933e+02 -4.974597056539400292e-02
1.823021336983100014e+02 -4.909329416194400247e-02
1.824816532785200138e+02 -4.913222298732600191e-02
1.826611728587199934e+02 -4.816689009530299853e-02
1.828406924389300059e+02 -4.866518427112800221e-02
1.830202120191300139e+02 -4.928391952410299953e-02
1.831997315993399980e+02 -4.876441164865499833e-02
1.833792511795400060e+02 -4.917775243498900134e-02
1.835587707597499900e+02 -4.819302091130799742e-02
1.837382903399499980e+02 -4.815360728838800203e-02
