8.975980000000000070e-02 -3.701772899018910407e-02
2.692789999999999906e-01 -1.104723538159803758e-01
4.487990000000000035e-01 -1.822153377246062411e-01
6.283189999999999609e-01 -2.512019776548881089e-01
8.078379999999999450e-01 -3.165222890503735509e-01
9.873579999999999579e-01 -3.774365827635479120e-01
1.166879999999999917e+00 -4.333928993667202079e-01
1.346400000000000041e+00 -4.840297906010841977e-01
1.525919999999999943e+00 -5.291701552957807086e-01
1.705440000000000067e+00 -5.687990966460769737e-01
1.884959999999999969e+00 -6.030386197030362938e-01
2.064480000000000093e+00 -6.321188287771954961e-01
2.243990000000000151e+00 -6.563479791555456577e-01
2.423509999999999831e+00 -6.760910757915808977e-01
2.603029999999999955e+00 -6.917387948093063343e-01
2.782550000000000079e+00 -7.036942395268021011e-01
2.962070000000000203e+00 -7.123567545974229809e-01
3.141589999999999883e+00 -7.181111129871846632e-01
3.321110000000000007e+00 -7.213200917133190115e-01
3.500630000000000130e+00 -7.223198482263999409e-01
3.680149999999999810e+00 -7.214175073527612225e-01
3.859669999999999934e+00 -7.188904178909489850e-01
4.039189999999999614e+00 -7.149866130913090645e-01
4.218709999999999738e+00 -7.099260927899574414e-01
4.398229999999999862e+00 -7.039026259050870094e-01
4.577749999999999986e+00 -6.970858443027061480e-01
4.757270000000000110e+00 -6.896234601205391002e-01
4.936790000000000234e+00 -6.816434881074386887e-01
5.116310000000000358e+00 -6.732563932348267777e-01
5.295829999999999593e+00 -6.645571132010860138e-01
5.475349999999999717e+00 -6.556269270956146533e-01
5.654869999999999841e+00 -6.465351569776072171e-01
5.834389999999999965e+00 -6.373406998427044723e-01
6.013910000000000089e+00 -6.280933945661228979e-01
6.193430000000000213e+00 -6.188352328693984550e-01
6.372950000000000337e+00 -6.096014259027996429e-01
6.552459999999999951e+00 -6.004218486362354890e-01
6.731980000000000075e+00 -5.913198138007840221e-01
6.911500000000000199e+00 -5.823158528423422187e-01
7.091020000000000323e+00 -5.734262827752921732e-01
7.270539999999999559e+00 -5.646642538968464908e-01
7.450059999999999683e+00 -5.560402121012008037e-01
7.629579999999999806e+00 -5.475622980768601877e-01
7.809099999999999930e+00 -5.392366915627814228e-01
7.988620000000000054e+00 -5.310679078980140577e-01
8.168139999999999290e+00 -5.230590532294008277e-01
8.347659999999999414e+00 -5.152120439502445581e-01
8.527179999999999538e+00 -5.075277952314326546e-01
8.706699999999999662e+00 -5.000063828731761140e-01
8.886219999999999786e+00 -4.926471821458900946e-01
9.065739999999999910e+00 -4.854489867970904204e-01
9.245260000000000034e+00 -4.784101109712661781e-01
9.424780000000000157e+00 -4.715284764151397856e-01
9.604300000000000281e+00 -4.648016870153823255e-01
9.783820000000000405e+00 -4.582270924339059137e-01
9.963340000000000529e+00 -4.518018423619865609e-01
1.014289999999999914e+01 -4.455215497369702238e-01
1.032240000000000002e+01 -4.393865691131670914e-01
1.050189999999999912e+01 -4.333915787921188700e-01
1.068140000000000001e+01 -4.275333268118932106e-01
1.086090000000000089e+01 -4.218085318206259426e-01
1.104049999999999976e+01 -4.162108218871489740e-01
1.122000000000000064e+01 -4.107431454220153988e-01
1.139949999999999974e+01 -4.053990872203315221e-01
1.157900000000000063e+01 -4.001754173842594908e-01
1.175849999999999973e+01 -3.950689480384103058e-01
1.193810000000000038e+01 -3.900737909325119879e-01
1.211759999999999948e+01 -3.851924248730905775e-01
1.229710000000000036e+01 -3.804190155767729342e-01
1.247659999999999947e+01 -3.757506060452713847e-01
1.265610000000000035e+01 -3.711843066644252565e-01
1.283559999999999945e+01 -3.667172972596927649e-01
1.301520000000000010e+01 -3.623444200819812000e-01
1.319469999999999921e+01 -3.580678657625604999e-01
1.337420000000000009e+01 -3.538825671626098512e-01
1.355369999999999919e+01 -3.497859904657065200e-01
1.373320000000000007e+01 -3.457756733453971609e-01
1.391280000000000072e+01 -3.418470597831106406e-01
1.409229999999999983e+01 -3.380022019364968267e-01
1.427180000000000071e+01 -3.342366364327166162e-01
1.445129999999999981e+01 -3.305481779985406376e-01
1.463080000000000069e+01 -3.269347075197014951e-01
1.481039999999999957e+01 -3.233922180831933502e-01
1.498990000000000045e+01 -3.199226623766593391e-01
1.516939999999999955e+01 -3.165221181641239556e-01
1.534890000000000043e+01 -3.131887157049479398e-01
1.552839999999999954e+01 -3.099206435457569353e-01
1.570800000000000018e+01 -3.067143790288511251e-01
1.588749999999999929e+01 -3.035717919803428422e-01
1.606700000000000017e+01 -3.004894331302733201e-01
1.624650000000000105e+01 -2.974657076729834704e-01
1.642599999999999838e+01 -2.944990708811963676e-01
1.660559999999999903e+01 -2.915864199902538645e-01
1.678509999999999991e+01 -2.887295485258929428e-01
1.696460000000000079e+01 -2.859254155306831247e-01
1.714410000000000167e+01 -2.831726610582661618e-01
1.732359999999999900e+01 -2.804699676282442211e-01
1.750319999999999965e+01 -2.778145936748682709e-01
1.768270000000000053e+01 -2.752082588650254236e-01
1.786220000000000141e+01 -2.726482728341519390e-01
1.804169999999999874e+01 -2.701334742208958972e-01
1.822119999999999962e+01 -2.676627374433288020e-01
1.840080000000000027e+01 -2.652336307424209005e-01
1.858030000000000115e+01 -2.628478010142430987e-01
1.875979999999999848e+01 -2.605028584964277916e-01
1.893929999999999936e+01 -2.581978089413061173e-01
1.911880000000000024e+01 -2.559316881707938141e-01
1.929840000000000089e+01 -2.537023301695213173e-01
1.947790000000000177e+01 -2.515113100129799939e-01
1.965739999999999910e+01 -2.493564959220065935e-01
1.983689999999999998e+01 -2.472370340660497157e-01
2.001640000000000086e+01 -2.451520958821465646e-01
2.019600000000000151e+01 -2.430997437254791838e-01
2.037549999999999883e+01 -2.410814821303905731e-01
2.055499999999999972e+01 -2.390954012519590222e-01
2.073450000000000060e+01 -2.371407653040374097e-01
2.091400000000000148e+01 -2.352168597619637980e-01
2.109359999999999857e+01 -2.333219438112106858e-01
2.127309999999999945e+01 -2.314574531713062822e-01
2.145260000000000034e+01 -2.296216695398606289e-01
2.163210000000000122e+01 -2.278139565424756874e-01
2.181159999999999854e+01 -2.260336957366956001e-01
2.199109999999999943e+01 -2.242802860173377932e-01
2.217070000000000007e+01 -2.225521880613083037e-01
2.235020000000000095e+01 -2.208507578659874571e-01
2.252969999999999828e+01 -2.191744735362461671e-01
2.270919999999999916e+01 -2.175227978004386498e-01
2.288870000000000005e+01 -2.158952080609180812e-01
2.306830000000000069e+01 -2.142903087968230091e-01
2.324780000000000157e+01 -2.127093923153745847e-01
2.342729999999999890e+01 -2.111510771443856627e-01
2.360679999999999978e+01 -2.096148948007061918e-01
2.378630000000000067e+01 -2.081003892622451668e-01
2.396590000000000131e+01 -2.066062905022858220e-01
2.414539999999999864e+01 -2.051338298573560370e-01
2.432489999999999952e+01 -2.036817485992450660e-01
2.450440000000000040e+01 -2.022496367379663651e-01
2.468390000000000128e+01 -2.008370949024022578e-01
2.486349999999999838e+01 -1.994429630396860609e-01
2.504299999999999926e+01 -1.980684143503688988e-01
2.522250000000000014e+01 -1.967122978420166590e-01
2.540200000000000102e+01 -1.953742534393294872e-01
2.558149999999999835e+01 -1.940539301484419665e-01
2.576109999999999900e+01 -1.927502646880044634e-01
2.594059999999999988e+01 -1.914643749997888000e-01
2.612010000000000076e+01 -1.901952050406220396e-01
2.629960000000000164e+01 -1.889424374825976749e-01
2.647909999999999897e+01 -1.877057627923577054e-01
2.665869999999999962e+01 -1.864842031875878769e-01
2.683820000000000050e+01 -1.852788242144904896e-01
2.701770000000000138e+01 -1.840886538440364428e-01
2.719719999999999871e+01 -1.829134114890893226e-01
2.737669999999999959e+01 -1.817528232764256402e-01
2.755630000000000024e+01 -1.806059872606425032e-01
2.773580000000000112e+01 -1.794739193996657545e-01
2.791529999999999845e+01 -1.783557222902685535e-01
2.809479999999999933e+01 -1.772511470356338548e-01
2.827430000000000021e+01 -1.761599505423580847e-01
2.845390000000000086e+01 -1.750812983874519557e-01
2.863340000000000174e+01 -1.740161596621219720e-01
2.881289999999999907e+01 -1.729637034968437570e-01
2.899239999999999995e+01 -1.719237084241689584e-01
2.917190000000000083e+01 -1.708959580102692166e-01
2.935150000000000148e+01 -1.698796781715274096e-01
2.953099999999999881e+01 -1.688757937481113469e-01
2.971049999999999969e+01 -1.678835334020701564e-01
2.989000000000000057e+01 -1.669026994880245252e-01
3.006950000000000145e+01 -1.659330987411270775e-01
3.024899999999999878e+01 -1.649745421586698013e-01
3.042859999999999943e+01 -1.640263199131419825e-01
3.060810000000000031e+01 -1.630893070296640102e-01
3.078760000000000119e+01 -1.621627956491548672e-01
3.096709999999999852e+01 -1.612466127083510004e-01
3.114659999999999940e+01 -1.603405888675331070e-01
3.132620000000000005e+01 -1.594440619862518005e-01
