8.975979010256600332e-02 -3.579678480687250808e+00
2.692793703076999945e-01 -1.896493325073915104e+00
4.487989505128299750e-01 -1.442369128010771551e+00
6.283185307179599555e-01 -1.200820328908919876e+00
8.078381109230899915e-01 -1.039595611905991479e+00
9.873576911282200275e-01 -9.201179035439168707e-01
1.166877271333399912e+00 -8.267027892029334968e-01
1.346396851538500083e+00 -7.495117575235533680e-01
1.525916431743600032e+00 -6.853587033333853329e-01
1.705436011948699981e+00 -6.295990763897968412e-01
1.884955592153900072e+00 -5.809596665805643045e-01
2.064475172358999799e+00 -5.379418216380851270e-01
2.243994752564100192e+00 -5.007649090728882868e-01
2.423514332769300061e+00 -4.665411717670790437e-01
2.603033912974400010e+00 -4.360188150002646257e-01
2.782553493179499959e+00 -4.082905977963930955e-01
2.962073073384699828e+00 -3.833587573589619657e-01
3.141592653589800221e+00 -3.604552987980276235e-01
3.321112233794900170e+00 -3.396112540782788569e-01
3.500631814000100039e+00 -3.205808859241452979e-01
3.680151394205199988e+00 -3.031519906876671278e-01
3.859670974410299937e+00 -2.866179131888356713e-01
4.039190554615400330e+00 -2.716065269539529314e-01
4.218710134820599755e+00 -2.574802157647866352e-01
4.398229715025699704e+00 -2.445412849415291301e-01
4.577749295230799653e+00 -2.328284796177033100e-01
4.757268875435999966e+00 -2.216391969200953160e-01
4.936788455641099915e+00 -2.109737754222536787e-01
5.116308035846199864e+00 -2.013505638351419658e-01
5.295827616051400177e+00 -1.921526112618321680e-01
5.475347196256500126e+00 -1.835452056048064717e-01
5.654866776461600075e+00 -1.754481531568327646e-01
5.834386356666800388e+00 -1.681212893728744884e-01
6.013905936871900337e+00 -1.609065444679372014e-01
6.193425517077000286e+00 -1.543884462742303731e-01
6.372945097282199711e+00 -1.480728769638675335e-01
6.552464677487299660e+00 -1.420758835200274794e-01
6.731984257692399609e+00 -1.364979661472326133e-01
6.911503837897499558e+00 -1.313059654478714589e-01
7.091023418102699871e+00 -1.264627292131786096e-01
7.270542998307799820e+00 -1.214722969028758232e-01
7.450062578512899769e+00 -1.172251241717724574e-01
7.629582158718100082e+00 -1.129905234218675225e-01
7.809101738923200031e+00 -1.088523230525348662e-01
7.988621319128299980e+00 -1.050669451255309833e-01
8.168140899333499405e+00 -1.014796757334788663e-01
8.347660479538600242e+00 -9.804385130666902481e-02
8.527180059743699303e+00 -9.471477497349874153e-02
8.706699639948899616e+00 -9.160920091336942350e-02
8.886219220154000453e+00 -8.867429453491404434e-02
9.065738800359099514e+00 -8.571072527973244704e-02
9.245258380564200351e+00 -8.291412811627442425e-02
9.424777960769400664e+00 -8.040977448353729684e-02
9.604297540974499725e+00 -7.800068634095319586e-02
9.783817121179600562e+00 -7.563933490065641307e-02
9.963336701384800875e+00 -7.331853824896114591e-02
1.014285628158999941e+01 -7.121119717624592449e-02
1.032237586179500077e+01 -6.913518409269900356e-02
1.050189544200000036e+01 -6.707154947012849977e-02
1.068141502220499994e+01 -6.520595836716874816e-02
1.086093460240999953e+01 -6.335065813848790583e-02
1.104045418261599920e+01 -6.169867965195760529e-02
1.121997376282100056e+01 -5.993689271438171207e-02
1.139949334302600015e+01 -5.826746483753660055e-02
1.157901292323099973e+01 -5.665423034134676322e-02
1.175853250343599932e+01 -5.522654828496852131e-02
1.193805208364100068e+01 -5.387369125488401106e-02
1.211757166384600026e+01 -5.239947624647112168e-02
1.229709124405099985e+01 -5.105795124234064480e-02
1.247661082425699952e+01 -4.976593435117394187e-02
1.265613040446200088e+01 -4.854898772362477993e-02
1.283564998466700047e+01 -4.732565476270498422e-02
1.301516956487200005e+01 -4.624556400850774601e-02
1.319468914507699964e+01 -4.506443842712219011e-02
1.337420872528199922e+01 -4.402810417256622366e-02
1.355372830548700058e+01 -4.302606485977116674e-02
1.373324788569300026e+01 -4.200144157905972425e-02
1.391276746589799984e+01 -4.100030267268121864e-02
1.409228704610299943e+01 -4.007269738938814413e-02
1.427180662630800079e+01 -3.920631971406970256e-02
1.445132620651300037e+01 -3.831580036203591916e-02
1.463084578671799996e+01 -3.748147178647449895e-02
1.481036536692299954e+01 -3.662718246310637388e-02
1.498988494712799913e+01 -3.580525957461819925e-02
1.516940452733400058e+01 -3.503587546627880828e-02
1.534892410753900016e+01 -3.429872619842011527e-02
1.552844368774399975e+01 -3.354867576606228308e-02
1.570796326794899933e+01 -3.286884854443729298e-02
1.588748284815400069e+01 -3.224546874266650404e-02
1.606700242835900028e+01 -3.152962289869212786e-02
1.624652200856399986e+01 -3.090833212829127360e-02
1.642604158876899945e+01 -3.022250893641770589e-02
1.660556116897500090e+01 -2.967856519727905817e-02
1.678508074918000048e+01 -2.909155401093230231e-02
1.696460032938500007e+01 -2.850386525207988103e-02
1.714411990958999965e+01 -2.798545199595865729e-02
1.732363948979499924e+01 -2.744353962292746599e-02
1.750315906999999882e+01 -2.697039742323955464e-02
1.768267865020499841e+01 -2.640604688422117791e-02
1.786219823041099986e+01 -2.597094792051560241e-02
1.804171781061599944e+01 -2.548850989182770838e-02
1.822123739082099902e+01 -2.500244206278643896e-02
1.840075697102599861e+01 -2.450566540807137469e-02
1.858027655123100175e+01 -2.412024815536870787e-02
1.875979613143600133e+01 -2.368240817582978677e-02
1.893931571164100092e+01 -2.319141796838302197e-02
1.911883529184600050e+01 -2.286286092750711152e-02
1.929835487205199840e+01 -2.249598389733975523e-02
1.947787445225700154e+01 -2.204055888023471674e-02
1.965739403246200112e+01 -2.167776008578637531e-02
1.983691361266700071e+01 -2.129182442300683528e-02
2.001643319287200029e+01 -2.089785467593396548e-02
2.019595277307699988e+01 -2.059179655484255980e-02
2.037547235328199946e+01 -2.024814950478610875e-02
2.055499193348800091e+01 -1.991404228313797473e-02
2.073451151369300050e+01 -1.958159563016997895e-02
2.091403109389800008e+01 -1.930327200713441438e-02
2.109355067410299966e+01 -1.895024618375627801e-02
2.127307025430799925e+01 -1.865101595258876477e-02
2.145258983451299883e+01 -1.836822679095450814e-02
2.163210941471799842e+01 -1.807925637486141462e-02
2.181162899492300156e+01 -1.781219584759499014e-02
2.199114857512899945e+01 -1.754714024293142077e-02
2.217066815533399904e+01 -1.724006067355220856e-02
2.235018773553899862e+01 -1.701217473536181107e-02
2.252970731574400176e+01 -1.672743809742939861e-02
2.270922689594900135e+01 -1.645077428398199204e-02
2.288874647615400093e+01 -1.622982739734770904e-02
2.306826605635900052e+01 -1.596333730968345355e-02
2.324778563656400010e+01 -1.574507560567648540e-02
2.342730521677000155e+01 -1.554018368852005602e-02
2.360682479697500114e+01 -1.527979053533033184e-02
2.378634437718000072e+01 -1.508430289046322481e-02
2.396586395738500030e+01 -1.487691208186484038e-02
2.414538353758999989e+01 -1.465828958292772315e-02
2.432490311779499947e+01 -1.447384468276578448e-02
2.450442269799999906e+01 -1.424352935339819569e-02
2.468394227820600051e+01 -1.403631981712125110e-02
2.486346185841100009e+01 -1.385324340504660509e-02
2.504298143861599968e+01 -1.368222064393808009e-02
2.522250101882099926e+01 -1.348228831357563794e-02
2.540202059902599885e+01 -1.327158494012191207e-02
2.558154017923099843e+01 -1.311721043772694217e-02
2.576105975943600157e+01 -1.291687790442186054e-02
2.594057933964100116e+01 -1.275173334428188893e-02
2.612009891984699905e+01 -1.258926247284120753e-02
2.629961850005199864e+01 -1.244878177200109230e-02
2.647913808025700177e+01 -1.230412178580466212e-02
2.665865766046200136e+01 -1.210305813071153522e-02
2.683817724066700094e+01 -1.194961401944335568e-02
2.701769682087200053e+01 -1.178481346548338610e-02
2.719721640107700011e+01 -1.164783234623581812e-02
2.737673598128199970e+01 -1.151017336679133196e-02
2.755625556148800115e+01 -1.135984671581760121e-02
2.773577514169300073e+01 -1.126286385256013330e-02
2.791529472189800032e+01 -1.107738405167355868e-02
2.809481430210299990e+01 -1.092394116600112035e-02
2.827433388230799949e+01 -1.079427868153606113e-02
2.845385346251299907e+01 -1.067504864811458926e-02
2.863337304271799866e+01 -1.053747191916964629e-02
2.881289262292400011e+01 -1.041352701267870239e-02
2.899241220312899969e+01 -1.027197266157760421e-02
2.917193178333399928e+01 -1.016594134273670486e-02
2.935145136353899886e+01 -1.005414298873220577e-02
2.953097094374399845e+01 -9.921703800123110595e-03
2.971049052394900158e+01 -9.803422571840332903e-03
2.989001010415400117e+01 -9.694370324060865712e-03
3.006952968435900075e+01 -9.553592754288664154e-03
3.024904926456499865e+01 -9.456829702131920243e-03
3.042856884476999824e+01 -9.364819341594438420e-03
3.060808842497500137e+01 -9.243490836989472562e-03
3.078760800518000096e+01 -9.144217682132140326e-03
3.096712758538500054e+01 -9.025592415052373363e-03
3.114664716559000013e+01 -8.968698527332114381e-03
3.132616674579499971e+01 -8.839980370883779304e-03
3.150568632599999930e+01 -8.753866626337845208e-03
3.168520590620600075e+01 -8.650169430590855593e-03
3.186472548641100033e+01 -8.539086004786001008e-03
3.204424506661599992e+01 -8.456389628953004181e-03
3.222376464682100305e+01 -8.385922283869423274e-03
3.240328422702599909e+01 -8.279967015492077295e-03
3.258280380723100222e+01 -8.207318956078386504e-03
3.276232338743599826e+01 -8.113588909242899425e-03
3.294184296764200326e+01 -8.029255810978779689e-03
3.312136254784699929e+01 -7.934594534784414344e-03
3.330088212805200243e+01 -7.854255493982616187e-03
3.348040170825699846e+01 -7.768497740726196601e-03
3.365992128846200160e+01 -7.678195890136291571e-03
3.383944086866699763e+01 -7.604625652854558014e-03
3.401896044887200077e+01 -7.540267932015407362e-03
3.419848002907699680e+01 -7.442626524186478007e-03
3.437799960928300180e+01 -7.380834036642542478e-03
3.455751918948799783e+01 -7.315831665109341804e-03
3.473703876969300097e+01 -7.214141132204076982e-03
3.491655834989799700e+01 -7.137451829887123816e-03
3.509607793010300014e+01 -7.096986423397168460e-03
3.527559751030800328e+01 -7.009843735487471250e-03
3.545511709051299931e+01 -6.963902221418035061e-03
3.563463667071899721e+01 -6.886957663938720817e-03
3.581415625092400035e+01 -6.809725618043502640e-03
3.599367583112900348e+01 -6.741249567768280680e-03
3.617319541133399952e+01 -6.685126810298068663e-03
3.635271499153900265e+01 -6.645057828961711127e-03
3.653223457174399869e+01 -6.546863723200720651e-03
3.671175415194900182e+01 -6.516862584149186489e-03
3.689127373215399786e+01 -6.420947235233866873e-03
3.707079331236000286e+01 -6.388951389450372477e-03
3.725031289256499889e+01 -6.331962401365980389e-03
3.742983247277000203e+01 -6.245491388190816014e-03
3.760935205297499806e+01 -6.176658244469129637e-03
3.778887163318000120e+01 -6.140242559830676357e-03
3.796839121338499723e+01 -6.090078767826863360e-03
3.814791079359000037e+01 -6.034297965378482981e-03
3.832743037379500350e+01 -5.981042765977423632e-03
3.850694995400100140e+01 -5.902611018532088506e-03
3.868646953420599743e+01 -5.856230898332343004e-03
3.886598911441100057e+01 -5.808660911474947813e-03
3.904550869461599660e+01 -5.738635786196501741e-03
3.922502827482099974e+01 -5.688539954175934714e-03
3.940454785502600288e+01 -5.641865923968062031e-03
3.958406743523099891e+01 -5.606110828194000445e-03
3.976358701543699681e+01 -5.540957219402622806e-03
3.994310659564199995e+01 -5.516869345958997327e-03
4.012262617584700308e+01 -5.449400263603616443e-03
4.030214575605199911e+01 -5.403437933539020042e-03
4.048166533625700225e+01 -5.347998861540105391e-03
4.066118491646199828e+01 -5.283086647660871320e-03
4.084070449666700142e+01 -5.257090055531286887e-03
4.102022407687199745e+01 -5.199770070507740531e-03
4.119974365707800246e+01 -5.165780818749987104e-03
4.137926323728299849e+01 -5.132927202298736592e-03
4.155878281748800163e+01 -5.059785519581061139e-03
4.173830239769299766e+01 -5.037329371872611809e-03
4.191782197789800080e+01 -5.004852540057717035e-03
4.209734155810299683e+01 -4.984590178905961774e-03
4.227686113830799997e+01 -4.917413503770593636e-03
4.245638071851300310e+01 -4.875051498532661370e-03
4.263590029871900100e+01 -4.807276256533935671e-03
4.281541987892399703e+01 -4.774799440227226778e-03
4.299493945912900017e+01 -4.743192772059117400e-03
4.317445903933400331e+01 -4.732010318519824267e-03
4.335397861953899934e+01 -4.684643062579883603e-03
4.353349819974400248e+01 -4.657235913973305913e-03
4.371301777994899851e+01 -4.629240468933968657e-03
4.389253736015500351e+01 -4.568275875375865658e-03
4.407205694035999954e+01 -4.523159062216706300e-03
4.425157652056500268e+01 -4.480075057639522525e-03
4.443109610076999871e+01 -4.441427514392562795e-03
4.461061568097500185e+01 -4.423991390615495192e-03
4.479013526117999788e+01 -4.394994343104689782e-03
4.496965484138500102e+01 -4.356466864837655294e-03
4.514917442158999705e+01 -4.319672379597007568e-03
4.532869400179600206e+01 -4.276203421996449192e-03
4.550821358200099809e+01 -4.261572229076995150e-03
4.568773316220600123e+01 -4.193828512438685374e-03
4.586725274241099726e+01 -4.171057806832657693e-03
4.604677232261600039e+01 -4.151239132833542053e-03
4.622629190282100353e+01 -4.104479398237894337e-03
4.640581148302599956e+01 -4.081298676572565898e-03
4.658533106323199746e+01 -4.062628741806984314e-03
4.676485064343700060e+01 -4.007844575618108723e-03
4.694437022364199663e+01 -4.005064589233583820e-03
4.712388980384699977e+01 -3.967876191831167659e-03
4.730340938405200291e+01 -3.936008332602796388e-03
4.748292896425699894e+01 -3.904511447561479463e-03
4.766244854446200208e+01 -3.863334846566021229e-03
4.784196812466699811e+01 -3.835593757081398429e-03
4.802148770487300311e+01 -3.833178664796778410e-03
4.820100728507799914e+01 -3.797144282255300422e-03
4.838052686528300228e+01 -3.754841079860103854e-03
4.856004644548799831e+01 -3.736722651236263314e-03
4.873956602569300145e+01 -3.706883621715856541e-03
4.891908560589799748e+01 -3.691930218944137511e-03
4.909860518610300062e+01 -3.651998274140623012e-03
4.927812476630799665e+01 -3.621505687333211737e-03
4.945764434651400165e+01 -3.602081846546879938e-03
4.963716392671899769e+01 -3.591184597949746010e-03
4.981668350692400082e+01 -3.564496464428416195e-03
4.999620308712899686e+01 -3.527934784655438211e-03
5.017572266733399999e+01 -3.505464896799772700e-03
5.035524224753900313e+01 -3.505296110954098966e-03
5.053476182774399916e+01 -3.450716972488496355e-03
5.071428140794999706e+01 -3.429722209019286754e-03
5.089380098815500020e+01 -3.403492440228906429e-03
5.107332056836000334e+01 -3.385455695199027573e-03
5.125284014856499937e+01 -3.352214411948650167e-03
5.143235972877000250e+01 -3.343693567695318718e-03
5.161187930897499854e+01 -3.311104954844820876e-03
5.179139888918000167e+01 -3.301048554779186569e-03
5.197091846938499771e+01 -3.263943501922822801e-03
5.215043804959100271e+01 -3.239777392342442063e-03
5.232995762979599874e+01 -3.228752694528384121e-03
5.250947721000100188e+01 -3.197728336249737197e-03
5.268899679020599791e+01 -3.165587868417031082e-03
5.286851637041100105e+01 -3.153128817608317255e-03
5.304803595061599708e+01 -3.149751503009976666e-03
5.322755553082100022e+01 -3.119411804783644559e-03
5.340707511102600336e+01 -3.096398564023759761e-03
5.358659469123200125e+01 -3.081026877605910850e-03
5.376611427143699729e+01 -3.038948696683135744e-03
5.394563385164200042e+01 -3.046488271606575312e-03
5.412515343184699645e+01 -3.010354909580897822e-03
5.430467301205199959e+01 -3.004818178931229888e-03
5.448419259225700273e+01 -2.988612134426505383e-03
5.466371217246199876e+01 -2.954010737170673865e-03
5.484323175266799666e+01 -2.943956918953732731e-03
5.502275133287299980e+01 -2.926482099776565263e-03
5.520227091307800293e+01 -2.903210438367161399e-03
5.538179049328299897e+01 -2.892716931926034209e-03
5.556131007348800210e+01 -2.860633947517395286e-03
5.574082965369299814e+01 -2.847055895484609453e-03
5.592034923389800127e+01 -2.829254631454696054e-03
5.609986881410299731e+01 -2.805891768160222524e-03
5.627938839430900231e+01 -2.800615261850789538e-03
5.645890797451399834e+01 -2.787538053559116338e-03
5.663842755471900148e+01 -2.754498017666126564e-03
5.681794713492399751e+01 -2.735872735077089779e-03
5.699746671512900065e+01 -2.738165710150487764e-03
5.717698629533399668e+01 -2.712834892950769222e-03
5.735650587553899982e+01 -2.694459443249997213e-03
5.753602545574400295e+01 -2.670704179573103656e-03
5.771554503595000085e+01 -2.652902109804180890e-03
5.789506461615499688e+01 -2.651552590473733872e-03
5.807458419636000002e+01 -2.621059562049704323e-03
5.825410377656500316e+01 -2.625558476709068546e-03
5.843362335676999919e+01 -2.589235404765309438e-03
5.861314293697500233e+01 -2.580991198769650840e-03
5.879266251717999836e+01 -2.550182408348965115e-03
5.897218209738600336e+01 -2.543351192573528857e-03
5.915170167759099940e+01 -2.531411735741093821e-03
5.933122125779600253e+01 -2.506637199798381760e-03
5.951074083800099856e+01 -2.496764262466893546e-03
5.969026041820600170e+01 -2.483098295116378806e-03
5.986977999841099773e+01 -2.481921907958636007e-03
6.004929957861600087e+01 -2.467808695343077976e-03
6.022881915882099690e+01 -2.443994553281915623e-03
6.040833873902700191e+01 -2.425882099067476743e-03
6.058785831923199794e+01 -2.416954317539346617e-03
6.076737789943700108e+01 -2.394826557968832235e-03
6.094689747964199711e+01 -2.369191137224039949e-03
6.112641705984700025e+01 -2.370623075720687620e-03
6.130593664005200338e+01 -2.350863578900501231e-03
6.148545622025699942e+01 -2.358785730978411009e-03
6.166497580046299731e+01 -2.325772403492018699e-03
6.184449538066800045e+01 -2.311309047423357882e-03
6.202401496087299648e+01 -2.287527980315594029e-03
6.220353454107799962e+01 -2.300642027575044556e-03
6.238305412128300276e+01 -2.285723685456799749e-03
6.256257370148799879e+01 -2.259028678040918715e-03
6.274209328169300193e+01 -2.245236778240288032e-03
6.292161286189799796e+01 -2.231004534309954761e-03
6.310113244210400296e+01 -2.223923965294383534e-03
6.328065202230899899e+01 -2.210761796658481260e-03
6.346017160251400213e+01 -2.200975415309730163e-03
6.363969118271899816e+01 -2.177167706975825789e-03
6.381921076292400130e+01 -2.174552834538400793e-03
6.399873034312899733e+01 -2.167289530707877145e-03
6.417824992333399337e+01 -2.145109748801922889e-03
6.435776950353900361e+01 -2.140486555294226004e-03
6.453728908374499440e+01 -2.131834163559141477e-03
6.471680866395000464e+01 -2.134066297733916082e-03
6.489632824415500068e+01 -2.115080500483363605e-03
6.507584782435999671e+01 -2.088027596232801524e-03
6.525536740456500695e+01 -2.080839998819483411e-03
6.543488698477000298e+01 -2.082619030021680851e-03
6.561440656497499901e+01 -2.059183495602060279e-03
6.579392614518100402e+01 -2.050749366617370725e-03
6.597344572538600005e+01 -2.029225213270255141e-03
6.615296530559099608e+01 -2.023895129772578915e-03
6.633248488579600632e+01 -2.001218206412093935e-03
6.651200446600100236e+01 -1.996240222365575426e-03
6.669152404620599839e+01 -1.997770667957610505e-03
6.687104362641099442e+01 -1.967874260405986370e-03
6.705056320661600466e+01 -1.950302879790527869e-03
6.723008278682199546e+01 -1.961744643812068836e-03
6.740960236702700570e+01 -1.946329183470251259e-03
6.758912194723200173e+01 -1.926009202359392275e-03
6.776864152743699776e+01 -1.926426761318133065e-03
6.794816110764199379e+01 -1.900682671341564914e-03
6.812768068784700404e+01 -1.896625885252096761e-03
6.830720026805200007e+01 -1.891620252236183219e-03
6.848671984825699610e+01 -1.892773774400572685e-03
6.866623942846300110e+01 -1.897538530229461728e-03
6.884575900866799714e+01 -1.871257877312093067e-03
6.902527858887299317e+01 -1.867057679246147267e-03
6.920479816907800341e+01 -1.855247626775941667e-03
6.938431774928299944e+01 -1.844130275915730833e-03
6.956383732948799548e+01 -1.837215633822204472e-03
6.974335690969300572e+01 -1.834973089563367516e-03
6.992287648989899651e+01 -1.807852720436081218e-03
7.010239607010400675e+01 -1.801556616004018792e-03
7.028191565030900279e+01 -1.793012582162819332e-03
7.046143523051399882e+01 -1.787232990679905658e-03
7.064095481071899485e+01 -1.778885273185069199e-03
7.082047439092400509e+01 -1.769995035578926642e-03
7.099999397112900112e+01 -1.760307883674213248e-03
7.117951355133399716e+01 -1.750927456562876043e-03
7.135903313154000216e+01 -1.748409164655920223e-03
7.153855271174499819e+01 -1.728899007092354586e-03
7.171807229194999422e+01 -1.727444759808134667e-03
7.189759187215500447e+01 -1.708955138583658721e-03
7.207711145236000050e+01 -1.705657550667350440e-03
7.225663103256499653e+01 -1.700307310871157235e-03
7.243615061277000677e+01 -1.698973891040726986e-03
7.261567019297599757e+01 -1.682439804221451136e-03
7.279518977318099360e+01 -1.663053201074577618e-03
7.297470935338600384e+01 -1.665265659507575912e-03
7.315422893359099987e+01 -1.654568979671267861e-03
7.333374851379599590e+01 -1.648206261142389981e-03
7.351326809400100615e+01 -1.636006319134441925e-03
7.369278767420600218e+01 -1.637678627509327970e-03
7.387230725441099821e+01 -1.635679589339143368e-03
7.405182683461700321e+01 -1.625936945461755028e-03
7.423134641482199925e+01 -1.600948180351619531e-03
7.441086599502699528e+01 -1.603237138994093990e-03
7.459038557523200552e+01 -1.604332920656279709e-03
7.476990515543700155e+01 -1.591072877471602989e-03
7.494942473564199759e+01 -1.580621056378482331e-03
7.512894431584699362e+01 -1.564522185768515202e-03
7.530846389605200386e+01 -1.565679743821747193e-03
7.548798347625799465e+01 -1.568937786321179676e-03
7.566750305646300490e+01 -1.546620102988639387e-03
7.584702263666800093e+01 -1.541763571093120308e-03
7.602654221687299696e+01 -1.527861763407679886e-03
7.620606179707799299e+01 -1.531740190659160302e-03
7.638558137728300323e+01 -1.530305109247802895e-03
7.656510095748799927e+01 -1.515870539008793219e-03
7.674462053769400427e+01 -1.506734385888782324e-03
7.692414011789900030e+01 -1.496718431056211955e-03
7.710365969810399633e+01 -1.495626461387223900e-03
7.728317927830900658e+01 -1.489702457543088353e-03
7.746269885851400261e+01 -1.483613584313923147e-03
7.764221843871899864e+01 -1.479350586226565491e-03
7.782173801892399467e+01 -1.468142269777717931e-03
7.800125759912900492e+01 -1.469269024784027738e-03
7.818077717933499571e+01 -1.449089502957070065e-03
7.836029675954000595e+01 -1.443118766443704688e-03
7.853981633974500198e+01 -1.429596202114247639e-03
7.871933591994999801e+01 -1.433445473671644214e-03
7.889885550015499405e+01 -1.436696109213869612e-03
7.907837508036000429e+01 -1.425639450043271559e-03
7.925789466056500032e+01 -1.419536553108562745e-03
7.943741424076999635e+01 -1.407269614356803115e-03
7.961693382097600136e+01 -1.394715623460802663e-03
7.979645340118099739e+01 -1.392180625854429719e-03
7.997597298138599342e+01 -1.391128044014600064e-03
8.015549256159100366e+01 -1.378647469281131521e-03
8.033501214179599970e+01 -1.374236429778945973e-03
8.051453172200099573e+01 -1.366194708428296756e-03
8.069405130220600597e+01 -1.366051308970609151e-03
8.087357088241199676e+01 -1.365976603363322061e-03
8.105309046261700701e+01 -1.358855939875828816e-03
8.123261004282200304e+01 -1.354805174036812681e-03
8.141212962302699907e+01 -1.337725937110312204e-03
8.159164920323199510e+01 -1.336846282646647665e-03
8.177116878343700535e+01 -1.328744855260011876e-03
8.195068836364200138e+01 -1.330955668099804198e-03
8.213020794384699741e+01 -1.323287301040276939e-03
8.230972752405300241e+01 -1.315730559464465838e-03
8.248924710425799844e+01 -1.302986182496044219e-03
8.266876668446299448e+01 -1.303642751730136945e-03
8.284828626466800472e+01 -1.286712992191151039e-03
8.302780584487300075e+01 -1.296675680872013021e-03
8.320732542507799678e+01 -1.286774031606239838e-03
8.338684500528300703e+01 -1.280911743039359887e-03
8.356636458548899782e+01 -1.280330413586507586e-03
8.374588416569399385e+01 -1.269689388276444694e-03
8.392540374589900409e+01 -1.269279987295447547e-03
8.410492332610400013e+01 -1.253642798964955734e-03
8.428444290630899616e+01 -1.244622973743446034e-03
8.446396248651400640e+01 -1.240416750262791174e-03
8.464348206671900243e+01 -1.239494039327354146e-03
8.482300164692399846e+01 -1.222387721132833262e-03
8.500252122713000347e+01 -1.228119719805688534e-03
8.518204080733499950e+01 -1.229665198254799308e-03
8.536156038753999553e+01 -1.221506000598718798e-03
8.554107996774500577e+01 -1.216947428790385050e-03
8.572059954795000181e+01 -1.214960731452684618e-03
8.590011912815499784e+01 -1.205308919845543471e-03
8.607963870835999387e+01 -1.203666887440099859e-03
8.625915828856500411e+01 -1.188985132308623951e-03
8.643867786877099491e+01 -1.186684446054432022e-03
8.661819744897600515e+01 -1.172661285210349234e-03
8.679771702918100118e+01 -1.183165569186272895e-03
8.697723660938599721e+01 -1.178469102243918541e-03
8.715675618959099324e+01 -1.163483475473708678e-03
8.733627576979600349e+01 -1.168370187911189385e-03
8.751579535000099952e+01 -1.167809474926046311e-03
8.769531493020700452e+01 -1.152758360593544428e-03
8.787483451041200055e+01 -1.145678602418661630e-03
8.805435409061699659e+01 -1.149654315418994262e-03
8.823387367082200683e+01 -1.145707504785652879e-03
8.841339325102700286e+01 -1.142383356973427451e-03
8.859291283123199889e+01 -1.125420710680210016e-03
8.877243241143699493e+01 -1.130673382006129428e-03
8.895195199164200517e+01 -1.121500756899483295e-03
8.913147157184799596e+01 -1.120732575705368078e-03
8.931099115205300620e+01 -1.114755159166435933e-03
8.949051073225800224e+01 -1.113809316280410175e-03
8.967003031246299827e+01 -1.112371874640054629e-03
8.984954989266799430e+01 -1.101191532180818789e-03
9.002906947287300454e+01 -1.091078031929005546e-03
9.020858905307800057e+01 -1.096634757282211959e-03
9.038810863328299661e+01 -1.097812019256198075e-03
9.056762821348900161e+01 -1.091431101664122778e-03
9.074714779369399764e+01 -1.088976987939295872e-03
9.092666737389899367e+01 -1.080960993419837661e-03
9.110618695410400392e+01 -1.073820518337158204e-03
9.128570653430899995e+01 -1.076279217681389705e-03
9.146522611451399598e+01 -1.066104682012605472e-03
9.164474569471900622e+01 -1.063515807315797016e-03
9.182426527492499702e+01 -1.070757622204773036e-03
9.200378485512999305e+01 -1.052197615148918941e-03
9.218330443533500329e+01 -1.052627558024155519e-03
9.236282401553999932e+01 -1.035232898467845558e-03
9.254234359574499535e+01 -1.041293543319922032e-03
9.272186317595000560e+01 -1.037535845592722382e-03
9.290138275615500163e+01 -1.033593554440751742e-03
9.308090233635999766e+01 -1.027902910178046889e-03
9.326042191656600266e+01 -1.027342108194055159e-03
9.343994149677099870e+01 -1.013011806935388594e-03
9.361946107697599473e+01 -1.011215024118326247e-03
9.379898065718100497e+01 -1.014788098896209122e-03
9.397850023738600100e+01 -1.006723301807391962e-03
9.415801981759099704e+01 -1.011998276676045203e-03
9.433753939779599307e+01 -1.007156366424825098e-03
9.451705897800100331e+01 -9.962543633543824093e-04
9.469657855820699410e+01 -9.895710020315681265e-04
9.487609813841200435e+01 -9.888070778375627513e-04
9.505561771861700038e+01 -9.877408776983753226e-04
9.523513729882199641e+01 -9.754358435469391965e-04
9.541465687902700665e+01 -9.766505843898107622e-04
9.559417645923200268e+01 -9.751624664138869086e-04
9.577369603943699872e+01 -9.716702699414486418e-04
9.595321561964300372e+01 -9.642273341706609872e-04
9.613273519984799975e+01 -9.567046539712252161e-04
9.631225478005299578e+01 -9.617010913294811144e-04
9.649177436025800603e+01 -9.646896094326324169e-04
9.667129394046300206e+01 -9.563139572713908214e-04
9.685081352066799809e+01 -9.537309850474543762e-04
9.703033310087299412e+01 -9.425826146592207336e-04
9.720985268107800437e+01 -9.448666056964384694e-04
9.738937226128399516e+01 -9.336139340038112711e-04
9.756889184148900540e+01 -9.273948370624961451e-04
9.774841142169400143e+01 -9.239561618045149648e-04
9.792793100189899747e+01 -9.267449006674010822e-04
9.810745058210399350e+01 -9.233454660302649461e-04
9.828697016230900374e+01 -9.212710849874240901e-04
9.846648974251399977e+01 -9.190282989792967344e-04
9.864600932272000477e+01 -9.113701263302667740e-04
9.882552890292500081e+01 -9.206571954014008616e-04
9.900504848312999684e+01 -9.083965580610331566e-04
9.918456806333500708e+01 -9.062714328549809680e-04
9.936408764354000311e+01 -9.028910506506993049e-04
9.954360722374499915e+01 -8.921993083126057928e-04
9.972312680394999518e+01 -8.862225323514668230e-04
9.990264638415500542e+01 -8.846924464201175262e-04
1.000821659643600015e+02 -8.810785449125835712e-04
1.002616855445699997e+02 -8.874997280928230469e-04
1.004412051247699935e+02 -8.868686642303664222e-04
1.006207247049800060e+02 -8.738865094638901708e-04
1.008002442851799998e+02 -8.808456651545847321e-04
1.009797638653899980e+02 -8.691663889701057915e-04
1.011592834455900061e+02 -8.660340622449239599e-04
1.013388030258000043e+02 -8.635686562479421603e-04
1.015183226059999981e+02 -8.691886195825882649e-04
1.016978421862099964e+02 -8.561006679248660701e-04
1.018773617664100044e+02 -8.575435860024683372e-04
1.020568813466200027e+02 -8.584355739895877966e-04
1.022364009268199965e+02 -8.463606638316882895e-04
1.024159205070299947e+02 -8.481591296456047124e-04
1.025954400872300027e+02 -8.412535136051509533e-04
1.027749596674400010e+02 -8.345612151599151067e-04
1.029544792476399948e+02 -8.464653208480160370e-04
1.031339988278499931e+02 -8.299866294245722550e-04
1.033135184080500011e+02 -8.372042400820366376e-04
1.034930379882599993e+02 -8.323963158739656597e-04
1.036725575684599931e+02 -8.308138648810750853e-04
1.038520771486700056e+02 -8.247495591796828642e-04
1.040315967288699994e+02 -8.249471911271720600e-04
1.042111163090799977e+02 -8.177890328952698139e-04
1.043906358892800057e+02 -8.181430746943605227e-04
1.045701554694900040e+02 -8.061024008683068121e-04
1.047496750496899978e+02 -8.128537492120267195e-04
1.049291946298999960e+02 -8.079189369028020023e-04
1.051087142101000040e+02 -8.090622363453235611e-04
1.052882337903100023e+02 -8.055197056903378545e-04
1.054677533705099961e+02 -7.968919710933023261e-04
1.056472729507199944e+02 -7.954743296313288589e-04
1.058267925309200024e+02 -8.054352174634598531e-04
1.060063121111300006e+02 -7.967941239590268284e-04
1.061858316913399989e+02 -7.853329984477485466e-04
1.063653512715400069e+02 -7.832805755683067963e-04
1.065448708517500052e+02 -7.855537952880749025e-04
1.067243904319499990e+02 -7.815987921792329034e-04
1.069039100121599972e+02 -7.750093978494789534e-04
1.070834295923600052e+02 -7.783353715966011537e-04
1.072629491725700035e+02 -7.693941228570515311e-04
1.074424687527699973e+02 -7.802123914204625197e-04
1.076219883329799956e+02 -7.646997219177766210e-04
1.078015079131800036e+02 -7.676797360856766304e-04
1.079810274933900018e+02 -7.627742074704182583e-04
1.081605470735899956e+02 -7.678222268525597763e-04
1.083400666537999939e+02 -7.562992346483300536e-04
1.085195862340000019e+02 -7.599518742146441725e-04
1.086991058142100002e+02 -7.536670396653473609e-04
1.088786253944099940e+02 -7.560187559920567273e-04
1.090581449746200065e+02 -7.520668360659485885e-04
1.092376645548200003e+02 -7.440337798901684599e-04
1.094171841350299985e+02 -7.435103552918781271e-04
1.095967037152300065e+02 -7.453330359875829638e-04
1.097762232954400048e+02 -7.365331299024894173e-04
1.099557428756399986e+02 -7.338373297678322778e-04
1.101352624558499969e+02 -7.328770778659334786e-04
1.103147820360500049e+02 -7.413490011743790412e-04
1.104943016162600031e+02 -7.278515613543380756e-04
1.106738211964599969e+02 -7.292880424722308387e-04
1.108533407766699952e+02 -7.300642172865340297e-04
1.110328603568700032e+02 -7.259429624936323579e-04
1.112123799370800015e+02 -7.241624506964808783e-04
1.113918995172799953e+02 -7.229109795973009565e-04
1.115714190974899935e+02 -7.160969439904382771e-04
1.117509386776900016e+02 -7.106169611590551927e-04
1.119304582578999998e+02 -7.114559479542691698e-04
1.121099778380999936e+02 -7.090072778617197407e-04
1.122894974183100061e+02 -7.049087845339675968e-04
1.124690169985099999e+02 -7.017860566781575346e-04
1.126485365787199981e+02 -7.085530229393145144e-04
1.128280561589200062e+02 -6.989987832001121233e-04
1.130075757391300044e+02 -6.919865627005975005e-04
1.131870953193400027e+02 -6.894828644324914584e-04
1.133666148995399965e+02 -6.927109434936355682e-04
1.135461344797499947e+02 -6.894069677163029708e-04
1.137256540599500028e+02 -6.854682222376244118e-04
1.139051736401600010e+02 -6.835219108646243711e-04
1.140846932203599948e+02 -6.762378018274041664e-04
1.142642128005699931e+02 -6.752266339832791939e-04
1.144437323807700011e+02 -6.821552645260182133e-04
1.146232519609799994e+02 -6.778205738621738028e-04
1.148027715411799932e+02 -6.734960871210277219e-04
1.149822911213900056e+02 -6.733988994585618504e-04
1.151618107015899994e+02 -6.744387704659080560e-04
1.153413302817999977e+02 -6.742593219580675975e-04
1.155208498620000057e+02 -6.684972999867610111e-04
1.157003694422100040e+02 -6.688019428797508477e-04
1.158798890224099978e+02 -6.676500060694652355e-04
1.160594086026199960e+02 -6.586489690640414275e-04
1.162389281828200041e+02 -6.601340457315151922e-04
1.164184477630300023e+02 -6.584676034990868954e-04
1.165979673432299961e+02 -6.513427157990039039e-04
1.167774869234399944e+02 -6.578538422576202206e-04
1.169570065036400024e+02 -6.438447869800208341e-04
1.171365260838500006e+02 -6.463663578742311153e-04
1.173160456640499945e+02 -6.474899491821455412e-04
1.174955652442600069e+02 -6.577228548792765422e-04
1.176750848244600007e+02 -6.549102026769297938e-04
1.178546044046699990e+02 -6.482493043813371313e-04
1.180341239848700070e+02 -6.427808841211061011e-04
1.182136435650800053e+02 -6.455577111671132080e-04
1.183931631452799991e+02 -6.353380307754518969e-04
1.185726827254899973e+02 -6.314260369435409272e-04
1.187522023056900053e+02 -6.321147726701086943e-04
1.189317218859000036e+02 -6.275767530743858605e-04
1.191112414660999974e+02 -6.326061723643552860e-04
1.192907610463099957e+02 -6.341510964450085622e-04
1.194702806265100037e+02 -6.215591745221821229e-04
1.196498002067200019e+02 -6.275252179371129972e-04
1.198293197869199957e+02 -6.232998765337293984e-04
1.200088393671299940e+02 -6.192806427728586409e-04
1.201883589473400065e+02 -6.112538024808095291e-04
1.203678785275400003e+02 -6.117628652100323781e-04
1.205473981077499985e+02 -6.130991676601229602e-04
1.207269176879500066e+02 -6.164433185928851937e-04
1.209064372681600048e+02 -6.173067362064190442e-04
1.210859568483599986e+02 -6.148061797504578672e-04
1.212654764285699969e+02 -6.030555592217894459e-04
1.214449960087700049e+02 -6.083219198942541863e-04
1.216245155889800031e+02 -6.004513648684983718e-04
1.218040351691799970e+02 -6.000568819867204903e-04
1.219835547493899952e+02 -5.989360157247537470e-04
1.221630743295900032e+02 -5.991601676520419374e-04
1.223425939098000015e+02 -5.912455864232480773e-04
1.225221134899999953e+02 -5.970733638790742728e-04
1.227016330702099935e+02 -5.968218894015464267e-04
1.228811526504100016e+02 -5.883415499003521792e-04
1.230606722306199998e+02 -5.876590129491904724e-04
1.232401918108199936e+02 -5.873821424954284425e-04
1.234197113910300061e+02 -5.871442346884362751e-04
1.235992309712299999e+02 -5.886530306772826170e-04
1.237787505514399982e+02 -5.806080193085930629e-04
1.239582701316400062e+02 -5.816005251534254539e-04
1.241377897118500044e+02 -5.778573675173900902e-04
1.243173092920499982e+02 -5.787464234189071324e-04
1.244968288722599965e+02 -5.682382500174100850e-04
1.246763484524600045e+02 -5.715412385401555731e-04
1.248558680326700028e+02 -5.764232481281397324e-04
1.250353876128699966e+02 -5.691528018448435223e-04
1.252149071930799948e+02 -5.777241766353907217e-04
1.253944267732800029e+02 -5.711936713586882649e-04
1.255739463534900011e+02 -5.654676368117383771e-04
1.257534659336899949e+02 -5.668920407217691027e-04
1.259329855138999932e+02 -5.586029905415005508e-04
1.261125050941000012e+02 -5.663471393607773978e-04
1.262920246743099995e+02 -5.571592757384180973e-04
1.264715442545099933e+02 -5.547476712127210035e-04
1.266510638347200057e+02 -5.500334487570236307e-04
1.268305834149300040e+02 -5.576667772954202592e-04
1.270101029951299978e+02 -5.606578707950375271e-04
1.271896225753399960e+02 -5.594869843425491918e-04
1.273691421555400041e+02 -5.539097356585622779e-04
1.275486617357500023e+02 -5.542162904838519866e-04
1.277281813159499961e+02 -5.483765541597936241e-04
1.279077008961599944e+02 -5.520545464924066226e-04
1.280872204763599882e+02 -5.474681313897755350e-04
1.282667400565700007e+02 -5.409768059246686678e-04
1.284462596367700087e+02 -5.390537674244738533e-04
1.286257792169799927e+02 -5.392892701047044242e-04
1.288052987971800007e+02 -5.308237171572162448e-04
1.289848183773900132e+02 -5.394226130910949411e-04
1.291643379575899928e+02 -5.358172814401682181e-04
1.293438575378000053e+02 -5.359364380322705979e-04
1.295233771180000133e+02 -5.333661736937633270e-04
1.297028966982099973e+02 -5.300887378459518285e-04
1.298824162784100054e+02 -5.317954464021506502e-04
1.300619358586199894e+02 -5.307665264104001945e-04
1.302414554388199974e+02 -5.312884655203290851e-04
1.304209750190300099e+02 -5.272401225633270008e-04
1.306004945992299895e+02 -5.209667653434457224e-04
1.307800141794400020e+02 -5.279449246799328014e-04
1.309595337596400100e+02 -5.241053588326295958e-04
1.311390533398499940e+02 -5.183887970335090143e-04
1.313185729200500020e+02 -5.188658718089962782e-04
1.314980925002599861e+02 -5.127756418964988811e-04
1.316776120804599941e+02 -5.138620652349061482e-04
1.318571316606700066e+02 -5.190245238890043179e-04
1.320366512408699862e+02 -5.081532402980830929e-04
1.322161708210799986e+02 -5.128853718769653446e-04
1.323956904012800067e+02 -5.102694036016511671e-04
1.325752099814899907e+02 -5.014397575324274197e-04
1.327547295616899987e+02 -5.067353494495839810e-04
1.329342491419000112e+02 -5.024573110066038158e-04
1.331137687220999908e+02 -4.971434353381291730e-04
1.332932883023100032e+02 -5.044587584426536795e-04
1.334728078825100113e+02 -4.987534631478835433e-04
1.336523274627199953e+02 -5.026058588994879259e-04
1.338318470429300078e+02 -4.932779166178404137e-04
1.340113666231299874e+02 -4.947797634931046630e-04
1.341908862033399998e+02 -4.960651726139069613e-04
1.343704057835400079e+02 -4.947822087936354103e-04
1.345499253637499919e+02 -4.871735708441577296e-04
1.347294449439499999e+02 -4.962669941305314575e-04
1.349089645241600124e+02 -4.907998286837215660e-04
1.350884841043599920e+02 -4.945272104739004918e-04
1.352680036845700045e+02 -4.889629827170923924e-04
1.354475232647700125e+02 -4.842342339702240535e-04
1.356270428449799965e+02 -4.846610123436382103e-04
1.358065624251800045e+02 -4.839788342070972600e-04
1.359860820053899886e+02 -4.793848949923870217e-04
1.361656015855899966e+02 -4.808668635881332282e-04
1.363451211658000091e+02 -4.734423862230775792e-04
1.365246407459999887e+02 -4.825289711345395098e-04
1.367041603262100011e+02 -4.748552810718668373e-04
1.368836799064100092e+02 -4.746788254011595010e-04
1.370631994866199932e+02 -4.770150142330762105e-04
1.372427190668200012e+02 -4.746916590760279242e-04
1.374222386470300137e+02 -4.751485720549654618e-04
1.376017582272299933e+02 -4.713191091900887112e-04
1.377812778074400057e+02 -4.690052982692733069e-04
1.379607973876400138e+02 -4.710328167163591734e-04
1.381403169678499978e+02 -4.694534772719678706e-04
1.383198365480500058e+02 -4.638807939995758965e-04
1.384993561282599899e+02 -4.650320243143152526e-04
1.386788757084599979e+02 -4.654778499680471194e-04
1.388583952886700104e+02 -4.664887258537857512e-04
1.390379148688699900e+02 -4.648778675448451947e-04
1.392174344490800024e+02 -4.585324931985833665e-04
1.393969540292800104e+02 -4.630936982221548772e-04
1.395764736094899945e+02 -4.575561432801795178e-04
1.397559931896900025e+02 -4.564614218169008183e-04
1.399355127698999866e+02 -4.534156706658727535e-04
1.401150323500999946e+02 -4.523650892177506289e-04
1.402945519303100070e+02 -4.523489535714415757e-04
1.404740715105199911e+02 -4.507108040593351176e-04
1.406535910907199991e+02 -4.504098878683503236e-04
1.408331106709300116e+02 -4.498466415599952899e-04
1.410126302511299912e+02 -4.495975461581673419e-04
1.411921498313400036e+02 -4.465514250218114746e-04
1.413716694115400117e+02 -4.488479935784311123e-04
1.415511889917499957e+02 -4.502967139131621344e-04
1.417307085719500037e+02 -4.484980070419006737e-04
1.419102281521599878e+02 -4.459122278152424963e-04
1.420897477323599958e+02 -4.383408374521119508e-04
1.422692673125700082e+02 -4.430095458157347994e-04
1.424487868927699878e+02 -4.431652868866593157e-04
1.426283064729800003e+02 -4.389080095675419149e-04
1.428078260531800083e+02 -4.375716138336769646e-04
1.429873456333899924e+02 -4.354749921492667535e-04
1.431668652135900004e+02 -4.324687754369001096e-04
1.433463847938000129e+02 -4.384613306234316429e-04
1.435259043739999925e+02 -4.306602834561143477e-04
1.437054239542100049e+02 -4.377988277939029622e-04
1.438849435344100129e+02 -4.341303061872736884e-04
1.440644631146199970e+02 -4.268729374668257001e-04
1.442439826948200050e+02 -4.292609133987158681e-04
1.444235022750299891e+02 -4.331967392137735305e-04
1.446030218552299971e+02 -4.304197376461251444e-04
1.447825414354400095e+02 -4.322873880024372573e-04
1.449620610156399891e+02 -4.275008206811014557e-04
1.451415805958500016e+02 -4.272778006866228477e-04
1.453211001760500096e+02 -4.272701424404651781e-04
1.455006197562599937e+02 -4.220578950033779296e-04
1.456801393364600017e+02 -4.249050666954226206e-04
1.458596589166700142e+02 -4.209589588968839645e-04
1.460391784968699938e+02 -4.191378442907353423e-04
1.462186980770800062e+02 -4.208556290537920561e-04
1.463982176572799858e+02 -4.132761458957581670e-04
1.465777372374899983e+02 -4.128652612295046604e-04
1.467572568176900063e+02 -4.108150710853821310e-04
1.469367763978999903e+02 -4.122777710935938804e-04
1.471162959780999984e+02 -4.087622283780030464e-04
1.472958155583100108e+02 -4.115497919148051477e-04
1.474753351385199949e+02 -4.119784714810360892e-04
1.476548547187200029e+02 -4.141796101422431323e-04
1.478343742989299869e+02 -4.113567008139402286e-04
1.480138938791299950e+02 -4.109590602161485484e-04
1.481934134593400074e+02 -4.114151841536272877e-04
1.483729330395399870e+02 -4.042557099434351060e-04
1.485524526197499995e+02 -4.057618827605489380e-04
1.487319721999500075e+02 -4.101414119745230066e-04
1.489114917801599915e+02 -4.054853176273990711e-04
1.490910113603599996e+02 -4.017063800336298290e-04
1.492705309405700120e+02 -4.046740165494070222e-04
1.494500505207699916e+02 -4.056577401211750901e-04
1.496295701009800041e+02 -4.022852562020878125e-04
1.498090896811800121e+02 -4.012728213079913868e-04
1.499886092613899962e+02 -4.000611073659735917e-04
1.501681288415900042e+02 -4.029603824509523681e-04
1.503476484217999882e+02 -3.932744647285991253e-04
1.505271680019999962e+02 -3.971200590464424242e-04
1.507066875822100087e+02 -4.002470978876281299e-04
1.508862071624099883e+02 -3.898349649929493533e-04
1.510657267426200008e+02 -3.883229572472355522e-04
1.512452463228200088e+02 -3.916032467581138585e-04
1.514247659030299928e+02 -3.902804553728120057e-04
1.516042854832300009e+02 -3.902026582950103833e-04
1.517838050634400133e+02 -3.908487253452405858e-04
1.519633246436399929e+02 -3.818424500187882599e-04
1.521428442238500054e+02 -3.847771644501704873e-04
1.523223638040500134e+02 -3.902333048525442253e-04
1.525018833842599975e+02 -3.839763155846427395e-04
1.526814029644600055e+02 -3.859306915501750754e-04
1.528609225446699895e+02 -3.818588468626333524e-04
1.530404421248699975e+02 -3.849887714111571279e-04
1.532199617050800100e+02 -3.806685656439254923e-04
1.533994812852799896e+02 -3.840933724072498508e-04
1.535790008654900021e+02 -3.771036899797793095e-04
1.537585204456900101e+02 -3.724881420894904306e-04
1.539380400258999941e+02 -3.722789948511490816e-04
1.541175596061100066e+02 -3.757804228361138706e-04
1.542970791863099862e+02 -3.734827580501082125e-04
1.544765987665199987e+02 -3.761700398857899816e-04
1.546561183467200067e+02 -3.775395057145977261e-04
1.548356379269299907e+02 -3.762967616319184256e-04
1.550151575071299987e+02 -3.736682793328306978e-04
1.551946770873400112e+02 -3.662503005090289956e-04
1.553741966675399908e+02 -3.713362080233466463e-04
1.555537162477500033e+02 -3.720435014300540696e-04
1.557332358279500113e+02 -3.673508116403213157e-04
1.559127554081599953e+02 -3.640882607971345267e-04
1.560922749883600034e+02 -3.637446285718814944e-04
1.562717945685699874e+02 -3.621413443592981442e-04
1.564513141487699954e+02 -3.621714136029229058e-04
1.566308337289800079e+02 -3.604156708786460908e-04
1.568103533091799875e+02 -3.662408542299669173e-04
1.569898728893900000e+02 -3.634283200002895084e-04
1.571693924695900080e+02 -3.604188445087062832e-04
1.573489120497999920e+02 -3.577536193796807245e-04
1.575284316300000000e+02 -3.616118623681748262e-04
1.577079512102100125e+02 -3.584257507911526620e-04
1.578874707904099921e+02 -3.595619193020362374e-04
1.580669903706200046e+02 -3.580113989756989260e-04
1.582465099508200126e+02 -3.590199810200780787e-04
1.584260295310299966e+02 -3.553672961042550894e-04
1.586055491112300047e+02 -3.546927951183569366e-04
1.587850686914399887e+02 -3.500197195762977148e-04
1.589645882716399967e+02 -3.607341485486199981e-04
1.591441078518500092e+02 -3.525284428309346380e-04
1.593236274320499888e+02 -3.496418876422153544e-04
1.595031470122600012e+02 -3.556167902682643529e-04
1.596826665924600093e+02 -3.498483824658077108e-04
1.598621861726699933e+02 -3.519339250303606527e-04
1.600417057528700013e+02 -3.527398160142243707e-04
1.602212253330800138e+02 -3.504053157246362986e-04
1.604007449132799934e+02 -3.471407226324543772e-04
1.605802644934900059e+02 -3.462564784152297138e-04
1.607597840736900139e+02 -3.417354904175319628e-04
1.609393036538999979e+02 -3.504661274421897918e-04
1.611188232341100104e+02 -3.467530653630248802e-04
1.612983428143099900e+02 -3.463761299792124165e-04
1.614778623945200025e+02 -3.404628455080461525e-04
1.616573819747200105e+02 -3.416514747262327156e-04
1.618369015549299945e+02 -3.381189773153629599e-04
1.620164211351300025e+02 -3.435999067519232629e-04
1.621959407153399866e+02 -3.420569296244036937e-04
1.623754602955399946e+02 -3.425681564764306800e-04
1.625549798757500071e+02 -3.375260030959900378e-04
1.627344994559499867e+02 -3.353963447146510418e-04
1.629140190361599991e+02 -3.403048821928429061e-04
1.630935386163600072e+02 -3.379161551367166868e-04
1.632730581965699912e+02 -3.384554128888969931e-04
1.634525777767699992e+02 -3.322796212088730732e-04
1.636320973569800117e+02 -3.354394699224371021e-04
1.638116169371799913e+02 -3.291400785174569232e-04
1.639911365173900037e+02 -3.322546654102923849e-04
1.641706560975900118e+02 -3.315842172715365932e-04
1.643501756777999958e+02 -3.326736707667076582e-04
1.645296952580000038e+02 -3.306767545042030017e-04
1.647092148382099879e+02 -3.305943380282449075e-04
1.648887344184099959e+02 -3.274982242334729498e-04
1.650682539986200084e+02 -3.258323028694581577e-04
1.652477735788199880e+02 -3.248628699590939473e-04
1.654272931590300004e+02 -3.297015162678420142e-04
1.656068127392300084e+02 -3.252143412900781148e-04
1.657863323194399925e+02 -3.211999566754869160e-04
1.659658518996400005e+02 -3.218429632341607001e-04
1.661453714798500130e+02 -3.230059527629848418e-04
1.663248910600499926e+02 -3.242229022896363309e-04
1.665044106402600050e+02 -3.249209272440599350e-04
1.666839302204600131e+02 -3.204552946280149451e-04
1.668634498006699971e+02 -3.191336496789076043e-04
1.670429693808700051e+02 -3.261334190336413795e-04
1.672224889610799892e+02 -3.189438792623598327e-04
1.674020085412799972e+02 -3.231576031493376810e-04
1.675815281214900097e+02 -3.211135811775740973e-04
1.677610477016899893e+02 -3.219076706766893893e-04
1.679405672819000017e+02 -3.207669945946162453e-04
1.681200868621100142e+02 -3.165508307356109676e-04
1.682996064423099938e+02 -3.120446200276758312e-04
1.684791260225200062e+02 -3.156539700462446057e-04
1.686586456027199858e+02 -3.193283450412365385e-04
1.688381651829299983e+02 -3.155031906900314918e-04
1.690176847631300063e+02 -3.109245708775427953e-04
1.691972043433399904e+02 -3.189588146583952045e-04
1.693767239235399984e+02 -3.070321638360160943e-04
1.695562435037500109e+02 -3.122886035907602477e-04
1.697357630839499905e+02 -3.140666159883177518e-04
1.699152826641600029e+02 -3.090712789353709583e-04
1.700948022443600109e+02 -3.131416895116330272e-04
1.702743218245699950e+02 -3.157456644673779095e-04
1.704538414047700030e+02 -3.088509790790480865e-04
1.706333609849799871e+02 -3.134616332908615505e-04
1.708128805651799951e+02 -3.049339740577491345e-04
1.709924001453900075e+02 -3.032151375993760289e-04
1.711719197255899871e+02 -3.062027961321582927e-04
1.713514393057999996e+02 -3.025256753660449300e-04
1.715309588860000076e+02 -3.001377990764728674e-04
1.717104784662099917e+02 -2.980833197424887101e-04
1.718899980464099997e+02 -3.030890490556736243e-04
1.720695176266200122e+02 -3.017046091488991520e-04
1.722490372068199918e+02 -2.980708182025829946e-04
1.724285567870300042e+02 -3.009342408069793262e-04
1.726080763672300122e+02 -2.981208367863452647e-04
1.727875959474399963e+02 -2.960377967698662018e-04
1.729671155276400043e+02 -2.992767138626647940e-04
1.731466351078499883e+02 -3.024897915574188646e-04
1.733261546880499964e+02 -2.976258177549509238e-04
1.735056742682600088e+02 -2.948650185859022976e-04
1.736851938484599884e+02 -3.002444561695342420e-04
1.738647134286700009e+02 -3.011582486375570414e-04
1.740442330088700089e+02 -2.980421092939767994e-04
1.742237525890799930e+02 -2.986753734483706254e-04
1.744032721692800010e+02 -2.914826800605771050e-04
1.745827917494900134e+02 -2.940884853551895451e-04
1.747623113296999975e+02 -2.916879355110924758e-04
1.749418309099000055e+02 -2.892693593212658683e-04
1.751213504901099896e+02 -2.950520691972453933e-04
1.753008700703099976e+02 -2.930506657639611536e-04
1.754803896505200100e+02 -2.891515575876180827e-04
1.756599092307199896e+02 -2.932144389521092816e-04
1.758394288109300021e+02 -2.811941977096865317e-04
1.760189483911300101e+02 -2.839697598309240010e-04
1.761984679713399942e+02 -2.854432877690787191e-04
1.763779875515400022e+02 -2.861365519857262101e-04
1.765575071317499862e+02 -2.884373846977708752e-04
1.767370267119499943e+02 -2.888627211237400133e-04
1.769165462921600067e+02 -2.835225711240487432e-04
1.770960658723599863e+02 -2.835047321794124378e-04
1.772755854525699988e+02 -2.846540463867098104e-04
1.774551050327700068e+02 -2.844619580450851175e-04
1.776346246129799908e+02 -2.822807160597957010e-04
1.778141441931799989e+02 -2.847631675278793160e-04
1.779936637733900113e+02 -2.817637133373437084e-04
1.781731833535899909e+02 -2.837218872724453652e-04
1.783527029338000034e+02 -2.846150473199080813e-04
1.785322225140000114e+02 -2.792285117095195555e-04
1.787117420942099955e+02 -2.810383056574670036e-04
1.788912616744100035e+02 -2.763433229912628250e-04
1.790707812546199875e+02 -2.801376582806011086e-04
1.792503008348199955e+02 -2.794492800062881488e-04
1.794298204150300080e+02 -2.771582342209785005e-04
1.796093399952299876e+02 -2.786233306637340566e-04
1.797888595754400001e+02 -2.765086969935375005e-04
1.799683791556400081e+02 -2.780161763014577154e-04
1.801478987358499921e+02 -2.753787163657028737e-04
1.803274183160500002e+02 -2.699209148589899331e-04
1.805069378962600126e+02 -2.739382743687743824e-04
1.806864574764599922e+02 -2.746408921832730471e-04
1.808659770566700047e+02 -2.742294088693774485e-04
1.810454966368700127e+02 -2.732021514204348973e-04
1.812250162170799967e+02 -2.690178945081819653e-04
1.814045357972800048e+02 -2.732813129982294411e-04
1.815840553774899888e+02 -2.730059936069880746e-04
1.817635749577000013e+02 -2.726558242225282929e-04
1.819430945379000093e+02 -2.686663958532514696e-04
1.821226141181099933e+02 -2.731454894071133339e-04
1.823021336983100014e+02 -2.692963223523648308e-04
1.824816532785200138e+02 -2.692447273717755757e-04
1.826611728587199934e+02 -2.636952853278669534e-04
1.828406924389300059e+02 -2.661616712449417933e-04
1.830202120191300139e+02 -2.692812940187810683e-04
1.831997315993399980e+02 -2.661816762663350776e-04
1.833792511795400060e+02 -2.681751186061984843e-04
1.835587707597499900e+02 -2.625481785034679554e-04
1.837382903399499980e+02 -2.620771489671253562e-04
